"date","positive","death","recovered","positive7","death7","recovered7","dif_pos7","dif_dea7","dif_rec7","testPosRate7","Einfected","Epositive","dif_Epositive","dif_Erecovered","Einfected_U","Einfected_L","Epositive_U","Epositive_L","confirmRate_k_U","confirmRate_k_L","dif_Epositive_U","dif_Epositive_L","CFR","CFRadj","ECFR_k","EIFRadj_k","confirmRate_k","NCC7PerEinfected_k","cumIncidence","cumIncidence_U","cumIncidence_L","difEposPerEinfected_k","ascertainmentRate","docuTransmissionRate"
2020-03-17,50,1,2,50,1,2,NA,NA,NA,NA,3094.2380952381,3095.2380952381,NA,NA,5237.09523809524,1534.9828141783,5238.09523809524,1535.9828141783,NA,NA,NA,NA,NA,NA,NA,NA,NA,NA,0.0319601483501581,0.0540864049002676,0.0158599232414319,NA,NA,NA
2020-03-18,58,1,2,54,1,2,4,0,0,NA,3548.78354978355,3549.78354978355,454.545454545455,0,6006.32600732601,1760.54672395274,6007.32600732601,1761.54672395274,7.52667647578328,2.85092767089371,769.23076923077,225.563909774436,NA,NA,NA,NA,3.73504246166689,0.129272534203358,0.0366535967092723,0.0620291636618454,0.0181890028782855,14.690060704927,3.73504246166689,0.129272534203358
2020-03-19,73,1,2,60.3333333333333,1,2,6.33333333333334,0,0,NA,3717.30117640688,3718.30117640688,168.51762662333,0,6227.10343966969,1844.17201235229,6228.10343966969,1845.17201235229,7.57346665649002,2.86865068866021,220.777432343681,83.6252883995473,NA,NA,NA,NA,3.75826164908528,0.178464909017052,0.0383936400212178,0.0643088201124837,0.019052483018048,4.74860256364772,3.75826164908528,0.178464909017052
2020-03-20,85,3,2,66.5,1.5,2,6.16666666666666,0.5,0,NA,3879.87044028972,3881.37044028972,163.069263882838,0,6440.24289149213,1924.59360194828,6441.74289149213,1926.09360194828,7.62054563862878,2.88648309760309,213.639451822442,80.9215895959949,NA,NA,NA,NA,3.7816241515,0.165890656132913,0.0400774257930021,0.0665147727285995,0.0198880458822417,4.38676491745713,3.7816241515,0.165890656132913
2020-03-21,103,4,7,73.8,2,3,7.3,0.5,1,NA,4071.21666730251,4073.21666730251,191.846227012789,0,6691.08346786625,2019.29548903733,6693.08346786625,2021.29548903733,7.66791523068389,2.90442558273359,251.34057637412,95.2018870890533,NA,NA,NA,NA,3.80513086635441,0.188149964874957,0.042058350583628,0.0691100115632757,0.0208710611918756,4.94465549727129,3.80513086635441,0.188149964874957
2020-03-22,131,6,16,83.3333333333333,2.66666666666667,5.16666666666667,9.53333333333333,0.666666666666667,2.16666666666667,NA,4319.54123593348,4322.20790260015,248.991235297639,0,7016.62389719653,2142.18838274393,7019.29056386319,2144.8550494106,7.71557725240673,2.92247883333066,326.207095996945,123.559560373265,NA,NA,NA,NA,3.82878269668304,0.234163033005477,0.0446293310940593,0.0724782911140398,0.0221468861068264,6.115892511872,3.82878269668304,0.234163033005477
2020-03-23,167,7,16,95.2857142857143,3.28571428571429,6.71428571428571,11.952380952381,0.619047619047619,1.54761904761905,NA,4629.16569377031,4632.45140805602,310.243505455875,0,7422.45944965887,2295.52475888494,7425.74516394459,2298.81047317066,7.76353353488144,2.94064354296581,406.454600081393,153.955423760058,NA,NA,NA,NA,3.85258055114417,0.276702916881635,0.0478327772115963,0.0766751732008139,0.0237365661350779,7.18232535610532,3.85258055114417,0.276702916881635
2020-03-24,187,9,21,114.857142857143,4.42857142857143,9.42857142857143,19.5714285714286,1.14285714285714,2.71428571428571,NA,4982.37807378238,5137.3217967261,504.870388670081,150.515151515152,7827.34449133257,2470.73111717235,8087.1833191714,2549.34765852574,7.81178592059725,2.95892040953055,661.438155226814,250.537185355078,NA,NA,NA,NA,3.87652534405578,0.42278136691145,0.0530458600255879,0.0835049100142844,0.026323509486382,10.9062933165151,3.87652534405578,0.42278136691145
2020-03-25,226,10,21,138.857142857143,5.71428571428571,12.1428571428571,24,1.28571428571429,2.71428571428571,NA,5596.37947625887,5752.60891348831,615.287116762204,0,8632.15551906031,2774.77585180623,8893.28006118485,2854.67810744533,7.86033626352166,2.97731013526407,806.096742013453,305.33044891959,NA,NA,NA,NA,3.9006179954318,0.481691789002888,0.0593990603044015,0.0918283315626831,0.0294762254142143,12.3492659057707,3.9006179954318,0.481691789002888
2020-03-26,261,10,28,165.714285714286,7,15.8571428571429,26.8571428571429,1.28571428571429,3.71428571428572,NA,6279.37668545513,6436.89183697028,684.282923481976,0,9527.35897252592,3113.05910706796,9789.76922893618,3194.24707699277,7.90918642917702,2.99581342678227,896.489167751326,339.568969547446,NA,NA,NA,NA,3.92485943102017,0.479894944794052,0.0664646827460513,0.101085107912044,0.032982474144657,12.2272431021674,3.92485943102017,0.479894944794052
2020-03-27,300,10,34,196.428571428571,8,20.4285714285714,30.7142857142857,1,4.57142857142857,NA,6980.84351775797,7214.61624503069,777.72440806041,75.2575757575758,10417.5620815367,3460.90355016561,10808.6774661521,3580.18550505282,7.95833829470499,3.01443099510218,1018.90823721591,385.938428060053,NA,NA,NA,NA,3.94925058233481,0.489121117024405,0.0744951433091304,0.111605932938952,0.0369675147248316,12.3853759221333,3.94925058233481,0.489121117024405
2020-03-28,343,11,34,230.714285714286,9,24.2857142857143,34.2857142857143,1,3.85714285714286,NA,7767.38175389422,8077.41205692452,862.795811893831,75.2575757575758,11419.2184935672,3850.96387787232,11939.0390063877,4008.33981772194,8.00779374893523,3.03316355566796,1130.36154023564,428.154312669119,3.2069970845481,NA,0.136182231666268,NA,3.97379238668966,0.49113046825993,0.0834040160018144,0.123277578674646,0.0413884590685696,12.3594779011883,3.97379238668966,0.49113046825993
2020-03-29,408,13,34,270.285714285714,10,26.8571428571429,39.5714285714286,1,2.57142857142857,NA,8655.69867292133,9067.07241029507,989.660353370547,100.343434343434,12544.5136396336,4291.6148802968,13235.6076567276,4499.44946676297,8.05755469245995,3.05201182837914,1296.56865033987,491.109649041023,3.18627450980392,NA,0.143375936705208,NA,3.99848578723577,0.509445635381601,0.0936228394773505,0.136665410284363,0.0464594541767303,12.7412348810379,3.99848578723577,0.509445635381601
2020-03-30,447,15,34,310.285714285714,11.1428571428571,29.4285714285714,40,1.14285714285714,2.57142857142857,NA,9555.58066215865,10061.2733028513,994.200892556213,93.1760461760462,13687.7769491892,4737.90898594769,14538.1249345372,4992.81231570064,8.10762303771549,3.07097653762154,1302.51727780961,493.362848937672,3.35570469798658,NA,0.149086497787006,NA,4.02333173300167,0.462112692948037,0.103888546682506,0.15011466496092,0.051553714895078,11.4860848341046,4.02333173300167,0.462112692948037
2020-03-31,492,16,37,353.857142857143,12.1428571428571,31.7142857142857,43.5714285714286,1,2.28571428571429,NA,10458.8445752625,11137.5545319725,1076.2812291212,172.017316017316,14804.9314527023,5186.21717913135,15948.1768739477,5526.90676022695,8.15800070904546,3.09005841229118,1410.05193941048,534.094444526307,3.2520325203252,NA,0.143658106939624,NA,4.04833117892481,0.455967818719619,0.115001781493787,0.164674278075762,0.0570685532224807,11.2633786179359,4.04833117892481,0.455967818719619
2020-04-01,525,20,40,396.571428571429,13.5714285714286,34.4285714285714,42.7142857142857,1.42857142857143,2.71428571428572,NA,11312.4896766876,12186.1476853456,1048.59315337314,193.51948051948,15848.8956481943,5609.75857210492,17321.9542562529,6047.26125738956,8.208689642772,3.10925818582124,1373.77738230522,520.354497162613,3.80952380952381,NA,0.164120774804419,NA,4.07348508588685,0.408393077460848,0.125829120686957,0.178859335117453,0.0624415185363849,10.0258986145879,4.07348508588685,0.408393077460848
2020-04-02,585,21,42,442.857142857143,15.1428571428571,36.4285714285714,46.2857142857143,1.57142857142857,2,NA,12246.650677655,13315.3995954039,1129.25191005826,193.519480519481,16998.3892153411,6073.1832578696,18801.4038673558,6607.64190448614,8.25969178727491,3.12857659621208,1479.44961110285,560.380647096581,3.58974358974359,NA,0.157712127597347,NA,4.09879442075296,0.409145012269921,0.137489308840394,0.194135519886623,0.0682277773192934,9.98234643595201,4.09879442075296,0.409145012269921
2020-04-03,623,26,43,489,17.4285714285714,37.7142857142857,46.1428571428572,2.28571428571428,1.28571428571428,NA,13212.6651967466,14434.2149802964,1118.81538489252,150.515151515152,18206.4698099376,6551.9111932298,20267.1804326482,7162.84352405687,8.31100910305957,3.14801438605694,1465.77656529244,555.201619570726,4.17335473515249,NA,0.18012756520179,NA,4.1242601564055,0.376769092862207,0.14904173375162,0.209270522440062,0.0739605596060672,9.13568464015955,4.1242601564055,0.376769092862207
2020-04-04,678,32,58,536.857142857143,20.4285714285714,41.1428571428571,47.8571428571429,3,3.42857142857143,NA,14212.3666473121,15587.431582377,1153.21660208064,150.515151515152,19458.9056617066,7046.9961235856,21778.0265408275,7735.11642433748,8.36264356283093,3.16757230256995,1510.84610817928,572.272900280616,4.71976401179941,40.8571428571429,0.205293603573399,1.03384615384615,4.14988327178076,0.362196460136249,0.160949371402845,0.22487089445214,0.0798696128765998,8.7281149178335,4.14988327178076,0.362196460136249
2020-04-05,733,34,66,583.285714285714,23.4285714285714,45.7142857142857,46.4285714285714,3,4.57142857142857,NA,15170.7360504024,16699.3161369824,1111.88455460539,150.515151515152,20657.1917874325,7521.57041384091,23234.7229229636,8286.8786845176,8.41459715157307,3.18725109761631,1456.69638213615,551.76226018012,4.63847203274215,40.3940886699507,0.203601151814255,0.95780487804878,4.17566475190844,0.326667993658841,0.172430231427186,0.239912138789961,0.0855668817608594,7.8233596289586,4.17566475190844,0.326667993658841
2020-04-06,744,38,67,625.714285714286,26.7142857142857,50.4285714285714,42.4285714285713,3.28571428571429,4.71428571428572,NA,16005.2510656172,17709.1341825004,1009.81804551792,172.017316017316,21684.9861778842,7934.61116252971,24557.7004635985,8787.99139883476,8.46687186661914,3.20705152773874,1322.97754063488,501.112714317162,5.10752688172043,36.5949119373777,0.214578531103742,1.02197208341043,4.20160558794634,0.27966574469821,0.182857194894414,0.253572657677884,0.0907411643836943,6.65635498609268,4.20160558794634,0.27966574469821
2020-04-07,817,47,71,672.142857142857,31.1428571428571,55.2857142857143,46.4285714285714,4.42857142857143,4.85714285714285,NA,16948.5048732774,18807.3317131043,1098.19753060392,150.515151515152,22863.9121598231,8400.96482433317,25996.4652733762,9332.9616019916,8.51946971772514,3.22697435418546,1438.76480977769,544.970203156834,5.75275397796818,36.6386554621849,0.249902541822305,1.21091250430845,4.22770677721699,0.290074943678071,0.194196728370006,0.268428748016209,0.0963683012963939,6.86148268528625,4.22770677721699,0.290074943678071
2020-04-08,895,58,94,725,36.5714285714286,63,52.8571428571429,5.42857142857143,7.71428571428572,NA,17970.591657936,20049.8687142131,1242.53700110879,215.021645021645,24121.4778761016,8906.15074754719,27624.3313559551,9949.5589108125,8.5723927271463,3.24702034293909,1627.86608257892,616.597308820903,6.4804469273743,35.506241331484,0.289278702153718,1.4239360372256,4.25396932324553,0.311859943541172,0.20702665151779,0.285237419883312,0.102735030076497,7.331248451702,4.25396932324553,0.311859943541172
2020-04-09,980,66,96,781.428571428571,43,70.7142857142857,56.4285714285714,6.42857142857143,7.71428571428571,NA,19045.9424126303,21368.1718498597,1318.30313564666,236.523809523809,25440.8187451312,9437.33662152008,29351.4597707722,10603.7544518101,8.6256429297153,3.26719026474629,1727.1284148171,654.195540997591,6.73469387755102,32.824427480916,0.308870597184163,1.52699734689523,4.28039423579857,0.313995836100632,0.220638904433184,0.303071033537218,0.109489982651054,7.33589166533915,4.28039423579857,0.313995836100632
2020-04-10,1190,77,112,862.428571428571,50.2857142857143,80.5714285714286,81,7.28571428571428,9.85714285714286,NA,20575.2890859338,23248.8388694836,1880.6670196239,344.034632034632,27313.6278067139,10193.7417375955,31815.3494184355,11537.0177848565,8.67922237291722,3.28748489514617,2463.88964766327,933.263333046445,6.47058823529412,30.1112061591103,0.331199336157257,1.6621868902088,4.30698253092133,0.425274835033322,0.240057894215231,0.328512138949717,0.119126473821092,9.87437102811325,4.30698253092133,0.425274835033322
2020-04-11,1310,85,115,952.714285714286,57.8571428571429,88.7142857142857,90.2857142857142,7.57142857142857,8.14285714285714,NA,22199.4954672466,25332.1621339133,2083.32326442967,451.545454545455,29269.2181969685,10997.435989117,34544.7420064923,12570.8473747239,8.73313311696743,3.30790501449974,2729.39258805678,1033.82958986735,6.48854961832061,30.9396485867074,0.335541828410322,1.65455860783665,4.33373523097632,0.438793466716539,0.261569428560503,0.356694717910063,0.129801370563858,10.125365703143,4.33373523097632,0.438793466716539
2020-04-12,1410,99,118,1049.42857142857,67.1428571428571,96.1428571428571,96.7142857142857,9.28571428571428,7.42857142857143,NA,23956.5495010677,27550.0473365655,2217.88520265222,451.545454545455,31399.3858848122,11866.1910520873,37450.4261778525,13671.4520617543,8.7873772348938,3.32845140802111,2905.68417136021,1100.60468703042,7.02127659574468,29.7092288242731,0.359346025037871,1.72095829020937,4.36065336468414,0.435646772788626,0.284470393823704,0.386697610843647,0.141165759341086,9.99070094148991,4.36065336468414,0.435646772788626
2020-04-13,1458,109,120,1151.42857142857,77.2857142857143,103.714285714286,102,10.1428571428572,7.57142857142857,NA,25776.5171013333,29874.7075775237,2324.66024095822,494.549783549784,33595.6096260194,12765.8785185993,40495.9979044077,14825.0428580193,8.84195681261059,3.34912486580545,3045.57172655519,1153.59079626498,7.47599451303155,29.6113847837986,0.364857127779909,1.69336385884191,4.38773796716014,0.425758029448498,0.308473873969235,0.418144924813289,0.153077260766688,9.70365219271086,4.38773796716014,0.425758029448498
2020-04-14,1512,122,122,1250.71428571429,88,111,99.2857142857144,10.7142857142857,7.28571428571429,NA,27348.067819583,32123.5396810549,2248.83210353115,666.5670995671,35400.0209396184,13542.5793046695,43442.2260678235,15941.0046537566,8.89687394899764,3.36992618285898,2946.22816341581,1115.96179573726,8.06878306878307,29.3333333333333,0.379783800948781,1.69101163328031,4.41499007995372,0.385167338671576,0.331694384130966,0.448566458239441,0.16460022069657,8.72434431188079,4.41499007995372,0.385167338671576
2020-04-15,1579,134,192,1348.42857142857,98.8571428571429,125,97.7142857142856,10.8571428571429,14,NA,28719.7063392863,34323.1175946975,2199.57791364267,817.082251082251,36884.3504978026,14220.5073348553,46323.9255893777,17032.524520677,8.95213075598645,3.39085615913157,2881.6995215542,1091.51986692043,8.48638378720709,28.8213244481466,0.390407426220225,1.65894718575272,4.44241075109102,0.357287855629797,0.354406315899932,0.478321695599418,0.175870803378914,8.04290061057851,4.44241075109102,0.357287855629797
2020-04-16,1652,142,199,1444.42857142857,109.714285714286,139.714285714286,96,10.8571428571428,14.7142857142857,NA,29888.902303215,36470.7681040808,2147.65050938322,967.597402597403,38045.2389400731,14798.478908792,49137.5942514284,18098.2759012732,9.00772935863308,3.41191559954439,2813.66866205072,1065.75138059619,8.5956416464891,26.890756302521,0.389352918465437,1.56610638554919,4.47000103511115,0.334255030454192,0.376582066770206,0.507374474442402,0.186875311329576,7.47796820765332,4.47000103511115,0.334255030454192
2020-04-17,1763,156,207,1526.28571428571,121,153.285714285714,81.8571428571429,11.2857142857143,13.5714285714286,NA,30600.9589443203,38290.7208490822,1819.95274500147,1096.61038961039,38557.4540514199,15149.8152870848,51521.9412309071,19001.4103461611,9.06367189519594,3.43310531401932,2384.34697947872,903.13444488795,8.84855360181509,27.0693512304251,0.407409410271625,1.55049957698486,4.49776199310475,0.27386287360806,0.395374146064529,0.531994255162867,0.196200704062097,6.08905849582074,4.49776199310475,0.27386287360806
2020-04-18,1834,172,231,1601.14285714286,133.428571428571,169.857142857143,74.8571428571429,12.4285714285714,16.5714285714286,NA,31102.9632191071,39944.7684139123,1654.04756483004,1139.61471861472,38778.1971189992,15396.4833589984,53688.9333827354,19822.2159046482,9.11996051721678,3.45442611750968,2166.99215182833,820.805558487085,9.37840785169029,27.1196283391405,0.430594560513448,1.54432464960096,4.52569469275419,0.244615805003857,0.412453157088435,0.554369719833133,0.20467600276569,5.40521480990072,4.52569469275419,0.244615805003857
2020-04-19,1916,189,250,1673.42857142857,146.285714285714,188.714285714286,72.2857142857142,12.8571428571429,18.8571428571429,NA,31279.8366115516,41532.1396418546,1587.37122794236,1397.64069264069,38473.3118072611,15482.4559769461,55768.5718805211,20609.9339576121,9.17659738960293,3.47587883003135,2079.63849778568,787.718052963883,9.8643006263048,27.8639455782313,0.455069258723026,1.55094132190176,4.55380020837439,0.2324003369374,0.428843695835636,0.575843206802095,0.212809653572571,5.10360127670153,4.55380020837439,0.2324003369374
2020-04-20,1984,199,267,1748.57142857143,159.142857142857,209.714285714286,75.1428571428573,12.8571428571429,21,NA,31380.2548902124,43172.0687430263,1639.92910117165,1526.65367965368,38018.3602648154,15530.920257012,57917.0672245223,21423.733361201,9.23358469070758,3.49746427669316,2148.49534400119,813.799403588931,10.0302419354839,27.2039072039072,0.460946176067009,1.49451016151772,4.58207962095263,0.240219857652471,0.445776925443342,0.598027681085202,0.221212609618501,5.24276747841459,4.58207962095263,0.240219857652471
2020-04-21,2098,213,287,1832.28571428571,172.142857142857,233.285714285714,83.7142857142856,13,23.5714285714286,NA,31570.3103280622,44987.7865185384,1815.71777551214,1612.66233766234,37647.6204866596,15624.0820317559,60295.865907905,22324.7662422822,9.29092461241042,3.51918328772752,2378.79868338269,901.032881081217,10.1525262154433,27.6312772299931,0.473461835941245,1.47566043799928,4.61053401818863,0.266764716709107,0.464525276194344,0.622590172395009,0.230516302472381,5.78617918135034,4.61053401818863,0.266764716709107
2020-04-22,2168,225,295,1916.42857142857,185.142857142857,248,84.1428571428571,13,14.7142857142857,NA,31736.8960656658,46801.5367583065,1813.75023976807,1634.1645021645,37237.8158313696,15705.6691539609,62672.0868936407,23224.8227522423,9.34861936019867,3.54103669852097,2376.22098573568,900.05650996009,10.3782287822878,27.307206068268,0.480753444404935,1.44347065012546,4.63916449453468,0.2665160067227,0.483253310985045,0.647126047465076,0.239809913721902,5.74511375061099,4.63916449453468,0.2665160067227
2020-04-23,2284,239,390,2006.71428571429,199,275.285714285714,90.2857142857144,13.8571428571429,27.2857142857143,NA,32023.0272253429,48735.6895630052,1934.15280469872,1634.1645021645,36984.8952123836,15846.1477745525,65206.0490585374,24184.6279034462,9.40667115325126,3.56302534964622,2533.96216489672,959.805151203873,10.4640980735552,27.1487039563438,0.490400366021337,1.43119633187079,4.66797215123747,0.284471725116442,0.503224572861522,0.673290692707838,0.249720464728274,6.09433512558009,4.66797215123747,0.284471725116442
2020-04-24,2443,262,458,2103.85714285714,214.142857142857,311.142857142857,97.1428571428569,15.1428571428571,35.8571428571429,NA,32377.4212455719,50803.8974360481,2068.20787304285,1698.670995671,36796.8548662374,16020.0694043547,67915.6387490213,25210.9566223998,9.46508222452354,3.58515008689413,2709.58969048387,1026.32871895359,10.7245190339746,28.7826420890937,0.51570846573298,1.4794625039258,4.6969580963801,0.303342093253382,0.524580031927209,0.701268795138521,0.26031791058042,6.45850206006157,4.6969580963801,0.303342093253382
2020-04-25,2443,262,458,2190.85714285714,227,343.571428571429,87,12.8571428571429,32.4285714285714,NA,32334.7079447748,52644.7295897965,1840.83215374842,1870.68831168831,36021.3145093492,15998.6574333899,70327.3401503748,26124.4522776434,9.52385482083136,3.60741176130558,2411.70140135357,913.495655243572,10.7245190339746,27.7845777233782,0.497675649664236,1.3930737437754,4.72612344492383,0.268695805302263,0.543587703360322,0.726171026305204,0.269750288885573,5.68554283488584,4.72612344492383,0.268695805302263
2020-04-26,2500,272,485,2274.28571428571,238.857142857143,377.142857142857,83.4285714285716,11.8571428571429,33.5714285714286,NA,32142.0269291486,54399.1005222222,1754.37093242574,1935.19480519481,35024.0384905537,15903.5450496957,72625.7674282826,26995.042364411,9.58299120293525,3.62981122920339,2298.4272779078,870.590086767668,10.88,26.6879489225858,0.500008267395684,1.35661736182433,4.75546931874982,0.258005714346138,0.561702611983279,0.749903635724491,0.278739642036815,5.42565881659446,4.75546931874982,0.258005714346138
2020-04-27,2583,280,498,2359.85714285714,250.428571428571,410.142857142857,85.5714285714284,11.5714285714286,33,NA,31983.5884897972,56187.428316637,1788.32779441481,1935.19480519481,34071.5355726195,15825.5691539058,74968.6820927661,27882.4832247973,9.64249364562504,3.65234935222434,2342.91466448341,887.44086038629,10.840108401084,25.5539358600583,0.498332115187931,1.31036010926615,4.78499684670115,0.2662186681266,0.580168145118239,0.774095603497132,0.287902989306795,5.56383017896431,4.78499684670115,0.2662186681266
2020-04-28,2649,291,516,2438.57142857143,261.571428571429,442.857142857143,78.7142857142858,11.1428571428571,32.7142857142857,NA,31650.6203804446,57822.3000341243,1634.87171748724,1956.69696969697,32881.928973061,15661.2724122077,77110.5516836838,28693.7729492647,9.70236443780493,3.6750269973514,2141.8695909177,811.289724467351,10.9852774631937,21.9807923169268,0.503266040659511,1.25167541326963,4.814707164625,0.246098461632864,0.597049154273804,0.796211662994376,0.296280031444143,5.11159564852694,4.814707164625,0.246098461632864
2020-04-29,2727,300,536,2518.42857142857,272.285714285714,477.285714285714,79.8571428571431,10.7142857142857,34.4285714285714,NA,31331.5829748004,59470.6738838913,1648.37384976703,1956.69696969697,31710.4402879134,15504.1045481824,79270.1106175838,29511.7629799761,9.76260588257858,3.69784503694595,2159.5589339,817.990030711459,11.001100110011,20.7851690294438,0.504450312074336,1.18426527674231,4.84460141541494,0.252297854200152,0.614069580862675,0.818510375330767,0.304726258172455,5.20803014270608,4.84460141541494,0.252297854200152
2020-04-30,2775,312,581,2588.57142857143,282.714285714286,504.571428571429,70.1428571428569,10.4285714285714,27.2857142857143,NA,30674.3665167168,60909.5959539462,1438.9220700549,2085.70995670996,30674.3665167168,15179.6942327853,81155.2636804112,30225.8145335372,9.8232202973363,3.72080434878084,1885.15306282739,714.051553561076,11.2432432432432,20.0506585612969,0.512234558633263,1.13248444254359,4.87468074905411,0.223863157885361,0.628927295005578,0.837975686139461,0.3120992591757,4.59256103086848,4.87468074905411,0.223863157885361
2020-05-01,2863,323,609,2648.57142857143,291.428571428571,526.142857142857,60,8.71428571428572,21.5714285714286,NA,29609.6777705468,62132.85093072,1223.25497677377,2279.22943722943,29609.6777705468,14654.5909022477,82757.8680980333,30832.8433190039,9.88421001384174,3.74390581607317,1602.60441762213,607.028785466686,11.2818721620678,19.9882422104644,0.519853821547888,1.08118213094413,4.90494632265831,0.195594432254768,0.641558119945315,0.854523516502696,0.318367187341284,3.98787364070625,4.90494632265831,0.195594432254768
2020-05-02,2942,335,625,2719.85714285714,301.857142857143,550,71.2857142857142,10.4285714285714,23.8571428571429,NA,29108.4302173392,63577.2267541358,1444.37582341583,1935.19480519481,29108.4302173392,14407.0749306238,84650.1662037134,31549.6012464132,9.94557737831637,3.76715032751637,1892.29810568011,716.757927409359,11.386811692726,19.964096749811,0.526918233309394,1.04284896162165,4.9353993005179,0.240740270643963,0.656472147289697,0.874062604068626,0.325768133241504,4.87805316426838,4.9353993005179,0.240740270643963
2020-05-03,2998,340,629,2791,311.571428571429,570.571428571429,71.1428571428573,9.71428571428572,20.5714285714286,NA,28746.6233071782,65009.8137833687,1432.58702923291,1784.67965367965,28746.6233071782,14228.6111363226,86527.0196359651,32260.5090955063,10.0073247515302,3.79053877731446,1876.85343225168,710.907849093026,11.3408939292862,19.732199402877,0.522997960174101,0.990586006827437,4.96604085414282,0.244394724399159,0.671264448421308,0.893442216324804,0.333108673652679,4.9215537166946,4.96604085414282,0.244394724399159
2020-05-04,3035,351,630,2855.57142857143,321.714285714286,589.428571428571,64.5714285714284,10.1428571428572,18.8571428571429,NA,28287.0420782787,66302.0507362874,1292.23695291865,1741.67532467532,28287.0420782787,14001.2679271372,88219.9983596846,32901.769538308,10.0694545088902,3.81407206521562,1692.97872371948,641.260442801733,11.5650741350906,19.4742303701141,0.529395389889345,0.962414608319494,4.99687216230642,0.224611688184071,0.684607552715086,0.910923214393088,0.339730063753351,4.49526519727266,4.99687216230642,0.224611688184071
2020-05-05,3065,363,709,2915,332,617,59.4285714285716,10.2857142857143,27.5714285714286,NA,27781.5648491639,67484.0280526271,1181.97731633978,1677.16883116883,27781.5648491639,13750.861396685,89768.5243045298,33488.3146727323,10.1319690405252,3.83775109654433,1548.52594484524,586.545134424246,11.8433931484502,18.8315371525808,0.537905057648479,0.948010358516665,5.02789441108768,0.210080616961187,0.696812161606033,0.926912652813824,0.345786486210512,4.17851153566673,5.02789441108768,0.210080616961187
2020-05-06,3111,373,759,2969.85714285714,342.428571428571,648.857142857143,54.8571428571427,10.4285714285714,31.8571428571429,NA,27242.7981776363,68568.3522901904,1084.32423756325,1612.66233766234,27242.7981776363,13483.6474307926,91189.1135081288,34026.4003846058,10.1948707513794,3.86157678223679,1420.58920359904,538.0857118735,11.9897139183542,18.6711325751675,0.543982737723395,0.93378936669486,5.05910879391759,0.197448627384844,0.708008445195819,0.941581069360359,0.351342536713714,3.90303513661105,5.05910879391759,0.197448627384844
2020-05-07,3150,383,801,3023.42857142857,352.571428571429,680.285714285714,53.5714285714289,10.1428571428571,31.4285714285714,NA,26715.3743829852,69620.7293613402,1052.37707114978,1569.65800865801,26715.3743829852,13222.0622609443,92567.8482570174,34548.6326154019,10.2581620613038,3.8855500388755,1378.73474888856,522.232230796137,12.1587301587302,18.4014315538324,0.550123509927888,0.922177386724439,5.09051651162443,0.196633966290455,0.718874855558885,0.955817314118974,0.356734890728469,3.86295513510678,5.09051651162443,0.196633966290455
2020-05-08,3178,392,865,3068.42857142857,362.428571428571,716.857142857143,45,9.85714285714289,36.5714285714286,NA,26272.4278945449,70499.272050389,878.542689048845,1311.63203463204,26272.4278945449,13001.6785040598,93718.8400136605,34984.6011678622,10.3218454051443,3.90967178872276,1150.9917566431,435.968552460319,12.3348017621145,18.267569124424,0.556034110139208,0.907994477478731,5.12211877247764,0.168433184482993,0.727946323992006,0.967701978936428,0.361236521680244,3.2885284572631,5.12211877247764,0.168433184482993
2020-05-09,3213,405,904,3107.14285714286,372.428571428571,756.714285714286,38.7142857142858,10,39.8571428571428,NA,25443.9322983778,71250.43446288,751.162412490943,1569.65800865801,25443.9322983778,12590.7612479597,94702.94898805,35357.3584552637,10.3859232328259,3.93394295975236,984.108974389485,372.757287401517,12.6050420168067,17.7516001634209,0.568417586577661,0.900244335944621,5.1539167922294,0.147348909821129,0.735702516375141,0.977863481168712,0.365085459253829,2.85912826749793,5.1539167922294,0.147348909821129
2020-05-10,3263,413,933,3145,382.857142857143,800.142857142857,37.8571428571427,10.4285714285714,43.4285714285714,NA,24701.3562854901,71980.434207568,729.999744688044,1462.14718614719,24701.3562854901,12221.9050525203,95659.3324386905,35719.6139676653,10.4503980094511,3.95836448568704,956.383450640511,362.255512401593,12.6570640514864,17.6594623089088,0.573767030647583,0.882449655729946,5.18591179416368,0.148777959031655,0.743240191803632,0.987738701110315,0.368825959842404,2.86905237809718,5.18591179416368,0.148777959031655
2020-05-11,3284,421,958,3180.57142857143,392.857142857143,847,35.5714285714284,10,46.8571428571429,NA,23846.3950690795,72662.1266708111,681.692463243075,1526.65367965368,23846.3950690795,11797.7105498547,96552.427806211,36057.8974456656,10.5152722153918,3.98293730603328,893.095367520495,338.283478000318,12.8197320341047,17.2004003002252,0.57939399696805,0.86384332257315,5.21810500914179,0.143997400167545,0.750279066224295,0.996960434482203,0.372318935118823,2.75973697704814,5.21810500914179,0.143997400167545
2020-05-12,3313,425,1007,3216,401.714285714286,889.571428571429,35.4285714285716,8.85714285714289,42.5714285714286,NA,22964.148049356,73336.8926381006,674.765967289524,1548.15584415584,22964.148049356,11360.6234143958,97436.4486690496,36392.7437151477,10.5805483463732,4.00766236611291,884.020862838661,334.846269482026,12.8282523392695,16.443482837261,0.579517327107476,0.836549992124108,5.25049767564383,0.148560733400853,0.75724642051261,1.00608846827205,0.375776419201746,2.82963510977163,5.25049767564383,0.148560733400853
2020-05-13,3341,430,1102,3248.85714285714,409.857142857143,938.571428571429,32.8571428571427,8.14285714285711,49,NA,22008.2774628082,73958.8229173537,621.930279253065,1569.65800865801,22008.2774628082,10887.4330696212,98251.2487163894,36701.3707710176,10.6462289135756,4.03254061710191,814.800047339799,308.627055869933,12.8703980844059,16.7767966785568,0.581404601964136,0.816795913571075,5.28309103981949,0.143070953227829,0.763668215339626,1.01450175655148,0.378963174529438,2.70826628497767,5.28309103981949,0.143070953227829
2020-05-14,3380,436,1169,3281.71428571429,417.428571428571,991.142857142857,32.8571428571431,7.57142857142861,52.5714285714286,NA,21092.145757256,74576.9163200265,618.093402672865,1526.65367965367,21092.145757256,10434.1067023118,99061.0220150349,37008.0938129455,10.712316443728,4.0575730160656,809.773298645494,306.723041927886,12.8994082840237,16.6971428571429,0.584631306192689,0.801483840384259,5.31588635553421,0.149284413813526,0.770050392166045,1.022863140703,0.382130269796684,2.80845878882335,5.31588635553421,0.149284413813526
2020-05-15,3417,442,1287,3315.85714285714,424.571428571429,1051.42857142857,34.1428571428569,7.14285714285711,60.2857142857142,NA,20239.6708413982,75215.233611961,638.317291934465,1483.64935064936,20239.6708413982,10012.4413842384,99897.2909297928,37324.8527698453,10.7788134791894,4.08276052598971,836.268914757864,316.758956899808,12.9353233830846,16.4371439632764,0.587646915092093,0.786652838975235,5.34888488440979,0.16186333347696,0.776641392508178,1.03149810762764,0.385400991770975,3.02632695260451,5.34888488440979,0.16186333347696
2020-05-16,3473,448,1371,3353,430.714285714286,1118.14285714286,37.1428571428573,6.14285714285717,66.7142857142858,NA,19418.4963233579,75905.3534662151,690.119854254081,1505.15151515151,19418.4963233579,9606.88431943218,100801.427146784,37667.31826143,10.8457225780564,4.10810411582092,904.136216991566,342.465491584742,12.8995105096458,16.2595049344766,0.590208700100977,0.774787581496429,5.38208789587762,0.183501614411893,0.783767284682768,1.04083384424456,0.388937148789945,3.40973852619436,5.38208789587762,0.183501614411893
2020-05-17,3509,451,1396,3388.14285714286,436.142857142857,1184.28571428571,35.1428571428573,5.42857142857144,66.1428571428571,NA,18492.3411211729,76554.2848441167,648.931377901594,1569.65800865801,18492.3411211729,9149.80730180653,102472.656810771,37989.3443587346,10.9130463142628,4.13360476050471,1671.22966398692,322.026097304537,12.8526645768025,15.993504112316,0.589124437539122,0.758356969151751,5.41549666722817,0.180962287659508,0.790467881686506,1.05809027051768,0.392262257077514,3.3418209479022,5.41549666722817,0.180962287659508
2020-05-18,3535,462,1400,3424,442,1247.42857142857,35.8571428571427,5.85714285714283,63.1428571428571,NA,17639.3688491755,77212.3212301279,658.036386011197,1505.15151515151,17639.3688491755,8728.61483170682,105092.259545947,38315.8887307401,10.9807872776727,4.15926344102053,2619.60273517558,326.544372005555,13.0693069306931,15.9279279279279,0.598350098325667,0.758501173360793,5.44911248365711,0.193886987659681,0.797262493238061,1.08513920486735,0.395634019200842,3.55842660320479,5.44911248365711,0.193886987659681
2020-05-19,3556,467,1412,3458.71428571429,448,1305.28571428571,34.7142857142858,6,57.8571428571429,NA,16933.3677318964,77845.454311983,633.133081855092,1333.13419913421,16933.3677318964,8379.70772517305,107197.333740652,38630.0750721118,11.0489480741674,4.1850811444149,2105.07419470497,314.186341371707,13.132733408324,15.6479217603912,0.599906576597772,0.751615277594005,5.48293663830865,0.196783336104268,0.803799963571155,1.10687533032224,0.39887817741125,3.58931823053684,5.48293663830865,0.196783336104268
2020-05-20,3598,470,1454,3495.42857142857,453.714285714286,1355.57142857143,36.7142857142858,5.71428571428572,50.2857142857144,NA,16367.5091792372,78510.9334216615,665.479109678519,1225.62337662337,16367.5091792372,8100.1291523175,109494.702301818,38960.3128257869,11.1175313257528,4.21105886384174,2297.36856116587,330.23775367505,13.0628126737076,15.421967563368,0.598642736134284,0.739258416881837,5.51697043232845,0.216797010583135,0.810671425608915,1.13059700787034,0.402288075866078,3.92998675877685,5.51697043232845,0.216797010583135
2020-05-21,3641,473,1509,3532.71428571429,459,1404.14285714286,37.2857142857142,5.28571428571428,48.5714285714284,NA,15894.2763562362,79182.6010315609,671.66760989945,1139.61471861473,15894.2763562362,7866.44326163386,111474.34675677,39293.621564534,11.1865396706582,4.23719759860024,1979.64445495261,333.308738747095,12.9909365558912,15.3102068045364,0.597353451184901,0.727582456359853,5.55121517491311,0.227782341201193,0.817606787540331,1.15103799771154,0.40572968404257,4.10366417115858,5.55121517491311,0.227782341201193
2020-05-22,3678,476,1587,3570,463.857142857143,1447,37.2857142857142,4.85714285714283,42.8571428571429,NA,15481.8352013246,79850.1252446146,667.524213053694,1075.10822510822,15481.8352013246,7662.92466488929,113276.421246873,39624.8741815381,11.2559757634319,4.26349835417065,1802.07449010224,331.252617004087,12.9418162044589,15.2835961402683,0.596116785718008,0.71792651164481,5.58567218335717,0.234563627917797,0.824499366469668,1.1696454735404,0.409150061556376,4.19977731664257,5.58567218335717,0.234563627917797
2020-05-23,3713,482,1655,3604.28571428571,468.714285714286,1487.57142857143,34.2857142857142,4.85714285714289,40.5714285714287,NA,15162.4138676105,80460.1541273508,610.028882736195,924.593073593081,15162.4138676105,7505.06252076913,114473.599699211,39927.5952812417,11.3258422750433,4.2899621422533,1197.17845233822,302.721099703682,12.981416644223,15.2924726171056,0.5990542837354,0.714243079301838,5.62034278310419,0.221436195004289,0.830798272398787,1.18200704307433,0.412275834423458,3.94028792325604,5.62034278310419,0.221436195004289
2020-05-24,3741,486,1690,3637.42857142857,473.714285714286,1529.57142857143,33.1428571428573,5,42,NA,14926.38854189,81046.2110527126,586.056925361758,817.082251082255,14926.38854189,7388.15306804854,115708.082442116,40218.4205223987,11.3961418929829,4.31658998080624,1234.48274290535,290.825241156963,12.9911788291901,15.2270744363319,0.599657891081305,0.708781797677131,5.65522830779604,0.218563959021675,0.836849653811097,1.19475380128322,0.415278775575432,3.86519541333503,5.65522830779604,0.218563959021675
2020-05-25,3756,491,1711,3669,477.857142857143,1574,31.5714285714284,4.14285714285711,44.4285714285713,NA,14595.4828996437,81601.0370121978,554.825959485257,881.588744588735,14595.4828996437,7224.80784063951,117003.618909205,40493.7476902636,11.4668773213561,4.34338289408083,1295.53646708856,275.327167864867,13.0724174653887,15.1700680272109,0.601708039478229,0.705249721604681,5.69033009931956,0.211492884452724,0.842578557187205,1.20813097499561,0.418121690032748,3.71708104695366,5.69033009931956,0.211492884452724
2020-05-26,3771,499,1836,3699.71428571429,482.428571428571,1634.57142857143,30.7142857142858,4.57142857142861,60.5714285714287,NA,14224.2537766258,82137.4702268423,536.433214644465,903.090909090912,14224.2537766258,7041.30853362097,118420.168842472,40759.9476313653,11.5380512809899,4.37034191266228,1416.54993326751,266.19994110176,13.23256430655,15.1802571248764,0.607518101813815,0.70780872693741,5.72564950785966,0.210415261784221,0.848117544687509,1.22275768370738,0.420870360521621,3.67533721448545,5.72564950785966,0.210415261784221
2020-05-27,3793,505,1856,3727.57142857143,487.428571428571,1692,27.8571428571427,5,57.4285714285713,NA,13842.6984296737,82621.0014599768,483.531233134461,860.086580086587,13842.6984296737,6852.32510688425,119538.117684169,40999.8954613418,11.6096665095372,4.39746807350894,1117.94884169726,239.947829976496,13.3139994727129,15.1705126495042,0.611224738354971,0.708767607954861,5.76118789195081,0.195821879106864,0.853110288207527,1.23430116105199,0.423347962569149,3.39934340829203,5.76118789195081,0.195821879106864
2020-05-28,3816,509,1996,3752.57142857143,492.571428571429,1761.57142857143,25,5.14285714285711,69.5714285714287,NA,13473.2370042146,83052.2629782406,431.261518263826,795.580086580085,13473.2370042146,6669.05531251035,120550.889553875,41213.9049365705,11.6817257615755,4.42476241998987,1012.77186970582,214.009475228668,13.3385744234801,15.0956613108008,0.612867105298932,0.70713660677874,5.7969466185262,0.180581037487923,0.857563316271065,1.24475862448605,0.425557735893912,3.1154440043233,5.7969466185262,0.180581037487923
2020-05-29,3841,517,2024,3775.85714285714,498.428571428571,1824,23.2857142857142,5.85714285714289,62.4285714285713,NA,13135.5177453751,83451.4744553318,399.211477091245,731.073593073583,13135.5177453751,6500.96154496593,121587.364637035,41412.0098800895,11.7542318087013,4.45222600192047,1036.47508315969,198.104943518956,13.4600364488414,15.1774839046459,0.619521708123598,0.711512343070029,5.83292706296453,0.172810148698593,0.861685408865671,1.25546083749835,0.427603285602513,2.96299602661459,5.83292706296453,0.172810148698593
2020-05-30,3867,524,2142,3797.85714285714,504.428571428571,1893.57142857143,22,6,69.5714285714287,NA,12773.2867220975,83826.3170251278,374.842569795932,731.073593073597,12773.2867220975,6320.63207906444,122674.298412212,41598.0219823942,11.8271874396415,4.47985987560488,1086.93377517701,186.012102304747,13.5505559865529,15.2257341209952,0.625102018788355,0.714510775068982,5.86913060914542,0.167465713347215,0.865555878202767,1.2666840660942,0.429523969634456,2.85365660541177,5.86913060914542,0.167465713347215
2020-05-31,3876,526,2147,3817.14285714286,510.142857142857,1958.85714285714,19.2857142857147,5.71428571428572,65.2857142857142,NA,12341.5655172584,84152.8858635787,326.568838450941,752.57575757576,12341.5655172584,6106.03466055138,123640.843336786,41760.0786992195,11.9005954603581,4.50766510387523,966.544924573871,162.056716825282,13.5706914344685,15.2691666310343,0.625052836396728,0.711206559611943,5.90555864950099,0.15096703247031,0.868927892956491,1.27666420921275,0.431197300264123,2.55665472447264,5.90555864950099,0.15096703247031
2020-06-01,3892,527,2156,3836.57142857143,515.285714285714,2022.42857142857,19.4285714285711,5.14285714285717,63.5714285714284,NA,12039.8184281518,84479.8444021778,326.958538599065,623.56277056277,12039.8184281518,5955.79174415262,124706.667158665,41922.3288010807,11.974458694142,4.53564275612772,1065.8238218787,162.25010186118,13.5405960945529,15.2451394759087,0.623817436844634,0.706652977898044,5.94221258506296,0.1574047826771,0.872303931592761,1.28766946516214,0.432872627707685,2.64924687343635,5.94221258506296,0.1574047826771
2020-06-02,3921,532,2160,3858,520,2068.71428571429,21.4285714285716,4.71428571428567,46.2857142857144,NA,11705.4265018131,84838.2360256226,358.39162344487,688.069264069272,11705.4265018131,5789.78092785997,126084.875932236,42100.1772758729,12.048779981729,4.56379390836599,1378.20877357185,177.848474792198,13.5679673552665,15.2180275095113,0.627075744289788,0.707303526762429,5.97909382551963,0.177958737925278,0.876004535262111,1.30190027891718,0.434709017498491,2.97671950439776,5.97909382551963,0.177958737925278
2020-06-03,3931,534,2190,3877.71428571429,524.142857142857,2116.42857142857,19.7142857142858,4.14285714285711,47.7142857142858,NA,11276.3943552533,85165.9224937814,327.686468158776,752.57575757576,11276.3943552533,5577.3095511568,127164.933683516,42262.7886059366,12.1235621814032,4.59211964324081,1080.05775127995,162.611330063752,13.5843296871025,15.0919336925671,0.627011349567653,0.703507691638218,6.01620378926774,0.168398553846833,0.879388090197935,1.31305250853427,0.436388074835065,2.79944065351245,6.01620378926774,0.168398553846833
2020-06-04,3954,539,2205,3897.42857142857,528.428571428571,2146.28571428571,19.7142857142858,4.28571428571433,29.8571428571427,NA,10823.6959164778,85491.5876913696,325.665197588169,774.077922077908,10823.6959164778,5353.09399936919,128469.517377155,42424.3968994766,12.1988081690913,4.6206210500854,1304.58369363865,161.608293539997,13.6317653009611,15.059235435411,0.630471388536877,0.704075547302854,6.05354390345886,0.174804777451081,0.882750774329865,1.32652310016598,0.438056775231361,2.88802597114257,6.05354390345886,0.174804777451081
2020-06-05,3970,542,2245,3915.85714285714,532,2177.85714285714,18.4285714285711,3.57142857142856,31.5714285714284,NA,10241.0841207658,85794.1360688177,302.548377448154,881.588744588749,10241.0841207658,5065.12982147557,129817.634726717,42574.5336882855,12.2745208384823,4.6492992249609,1348.11734956192,150.13678880885,13.6523929471033,15.049504950495,0.631744807786452,0.701960504962146,6.09111560405888,0.170237903190436,0.885874763738376,1.34044320232281,0.439607025614532,2.7952409212417,6.09111560405888,0.170237903190436
2020-06-06,3990,545,2279,3933.42857142857,535,2197.42857142857,17.5714285714289,3,19.5714285714289,NA,9621.6901763669,86080.8330335098,286.696964692033,903.090909090912,9621.6901763669,4759.27267613478,131249.260414964,42716.8043624935,12.3507031011395,4.67815527069894,1431.62568824698,142.270674208077,13.6591478696742,15.044994375703,0.633125843226727,0.700105105451362,6.12892033590379,0.171552868673808,0.888835078015069,1.35522557704502,0.441076053751838,2.79947866174344,6.12892033590379,0.171552868673808
2020-06-07,4008,546,2279,3952.28571428571,537.857142857143,2216.28571428571,18.8571428571427,2.85714285714289,18.8571428571427,NA,9064.52343632439,86386.610016411,305.776982901225,860.086580086587,9064.52343632439,4484.22323048534,132836.589806043,42868.5433164145,12.4273578866052,4.70719029694112,1587.32939107879,151.738953920918,13.622754491018,14.9487810688478,0.632042396265203,0.695444540275146,6.16695955275146,0.195955468334752,0.891992404668105,1.37161568380207,0.442642847429285,3.17799656085668,6.16695955275146,0.195955468334752
2020-06-08,4014,548,2284,3969.71428571429,540.857142857143,2234.57142857143,17.4285714285716,3,18.2857142857142,NA,8568.31436486219,86667.4788670267,280.86885061572,774.077922077922,8568.31436486219,4239.06362681667,133989.965707063,43007.9218437877,12.5044881424977,4.73640542017571,1153.37590102002,139.378527373221,13.6522172396612,14.8546317730608,0.63230176666474,0.692071228856925,6.20523471732967,0.192240839157962,0.894892540249412,1.38352496630826,0.444082012454595,3.0985506583853,6.20523471732967,0.192240839157962
2020-06-09,4017,550,2324,3983.42857142857,543.428571428571,2258,13.7142857142858,2.57142857142856,23.4285714285716,NA,8075.81982230152,86887.1271816089,219.648314582169,709.57142857142,8075.81982230152,3995.74732320438,134795.584415017,43116.9202555352,12.5820968346324,4.76580176378378,805.618707953923,108.998411747532,13.6918098083147,14.7751106968073,0.633005161800788,0.688790403665765,6.24374730139655,0.160030449085135,0.897160537897059,1.39184345187468,0.445207484971473,2.56349504965557,6.24374730139655,0.160030449085135
2020-06-10,4027,551,2355,3997.14285714286,545.857142857143,2281.57142857143,13.7142857142858,2.42857142857144,23.5714285714284,NA,7668.12196801115,87105.4206693099,218.293487700983,623.56277056277,7668.12196801115,3794.29468229981,135847.266298006,43225.2463471763,12.6601869471344,4.7953804580815,1051.68188298962,108.326091641087,13.6826421653837,14.7012427378708,0.63256683196771,0.684811017299181,6.28249878579602,0.169787965050371,0.899414546162701,1.40270268401234,0.446326015389009,2.7030504952347,6.28249878579602,0.169787965050371
2020-06-11,4039,553,2391,4009.28571428571,547.857142857143,2308.14285714286,12.1428571428569,2,26.5714285714289,NA,7213.14554173284,87297.5091780965,192.088508786634,645.064935064947,7213.14554173284,3569.66835690714,136772.224032462,43320.5684643185,12.7387614825397,4.82514264035882,924.957734455704,95.3221171422338,13.6915077989601,14.6446710199717,0.633465954763749,0.682326777300333,6.32149066050843,0.158324480493739,0.901397972654714,1.41225341500661,0.447310272144444,2.50502677954215,6.32149066050843,0.158324480493739
2020-06-12,4053,555,2447,4021.14285714286,549.714285714286,2337,11.8571428571431,1.85714285714278,28.8571428571427,NA,6860.14611719859,87483.9210089735,186.411830876983,537.554112554091,6860.14611719859,3395.35929768607,137649.075164511,43413.0735834004,12.8178234619167,4.8550894549252,876.851132049138,92.5051190818267,13.6935603256847,14.6356306100715,0.634402291985829,0.680138415296166,6.36072442471054,0.164348736980125,0.903322784118561,1.4213074171218,0.448265441743045,2.5843348064789,6.36072442471054,0.164348736980125
2020-06-13,4064,559,2476,4031.71428571429,551.714285714286,2365.14285714286,10.5714285714284,2,28.1428571428573,NA,6571.77403146049,87649.0943777808,165.173368807358,451.545454545456,6571.77403146049,3252.761119801,138278.181819054,43495.0393152897,12.8973759249753,4.88522205315114,629.106654542615,81.965731889366,13.7549212598425,14.6304504299731,0.637770423035548,0.680566370568984,6.40020158682983,0.154066017788163,0.905028296007518,1.42780331223183,0.449111785988693,2.4077237712658,6.40020158682983,0.154066017788163
2020-06-14,4069,562,2482,4040.42857142857,554,2394.14285714286,8.71428571428578,2.28571428571433,29,NA,6274.76162664646,87784.4109772958,135.316599514976,430.043290043293,6274.76162664646,3105.65936789542,138814.632150291,43562.1889060265,12.9774219301635,4.9155415935047,536.450331237778,67.1495907367425,13.8117473580732,14.6058528868969,0.640204785500416,0.680214461298008,6.43992366459241,0.132571973513367,0.906425519245817,1.433342476471,0.449805144888901,2.05905740013558,6.43992366459241,0.132571973513367
2020-06-15,4076,563,2485,4049.28571428571,556.142857142857,2422.85714285714,8.85714285714266,2.14285714285711,28.7142857142853,NA,5957.75989251457,87921.0975548522,136.686577556422,451.545454545456,5957.75989251457,2948.78203044223,139591.979919027,43630.0183354906,13.0579645547978,4.9460492416008,777.347768735548,67.8294294641018,13.8125613346418,14.5739742437856,0.640346874251377,0.677886405271707,6.47989218508765,0.141121910718112,0.907836888310737,1.44136904801219,0.450505523522621,2.17835490317222,6.47989218508765,0.141121910718112
2020-06-16,4077,565,2516,4057.85714285714,558.285714285714,2450.28571428571,8.57142857142844,2.14285714285722,27.4285714285716,NA,5700.03951133876,88052.5589918583,131.461437006015,387.038961038968,5700.03951133876,2821.10661035284,140216.664337779,43695.254838065,13.139006895183,4.97674617024673,624.684418751567,65.2365025744148,13.8582290900172,14.5349053445903,0.641662214555562,0.677040164583816,6.52010868482766,0.143834452374348,0.909194304735502,1.44781928094453,0.451179128665738,2.20655815906891,6.52010868482766,0.143834452374348
2020-06-17,4078,567,2547,4065.14285714286,560.571428571429,2477.71428571429,7.28571428571468,2.28571428571422,27.4285714285716,NA,5443.2699891337,88163.6119804757,111.052988617448,365.536796536791,5443.2699891337,2693.75911383432,140705.54505459,43750.3638399353,13.2205520667211,5.00763355948334,488.880716811196,55.1090018703107,13.903874448259,14.4962872658761,0.643122471122854,0.676398558498086,6.56057470980143,0.127785695076531,0.910340991963345,1.45286726102039,0.451748161425419,1.94828454077444,6.56057470980143,0.127785695076531
2020-06-18,4079,568,2564,4070.85714285714,562.714285714286,2502.42857142857,5.71428571428532,2.14285714285711,24.7142857142858,NA,5226.65997256902,88250.1751240842,86.5631436084805,301.030303030304,5226.65997256902,2586.19646329417,141058.085885739,43793.3199863876,13.3026032040067,5.03871259662125,352.540831149119,42.9561464523285,13.9249816131405,14.5179124281291,0.643624785108203,0.674961998238292,6.60129181552212,0.104950584530722,0.911234807180869,1.45650745182844,0.452191708826596,1.5902783396981,6.60129181552212,0.104950584530722
2020-06-19,4081,568,2581,4074.85714285714,564.571428571429,2521.57142857143,4,1.85714285714289,19.1428571428569,NA,5005.49514410621,88310.3955770067,60.2204529224691,279.528138528127,5005.49514410621,2476.44549578631,141361.716620637,43823.2038201687,13.3851634609636,5.06998447629244,303.630734897626,29.8838337810812,13.9181573143837,14.5059462633974,0.643185885748529,0.672349723202565,6.64226156709474,0.0765092171805726,0.911856618669968,1.4596426172123,0.452500276933969,1.1521785086178,6.64226156709474,0.0765092171805726
2020-06-20,4086,570,2585,4078,566.142857142857,2537.14285714286,3.14285714285734,1.57142857142856,15.5714285714289,NA,4749.91763548501,88357.4197999872,47.0242229805153,301.030303030304,4749.91763548501,2349.83345606236,141787.665682978,43846.5391488658,13.4682360109622,5.10145040049477,425.949062341679,23.3353286970887,13.9500734214391,14.4387364739316,0.645107113007936,0.671866868881915,6.68348553927445,0.0627697336444256,0.912342171346778,1.46404079105327,0.452741227886371,0.939451974813813,6.68348553927445,0.0627697336444256
2020-06-21,4094,570,2589,4081.57142857143,567.285714285714,2552.42857142857,3.57142857142844,1.14285714285722,15.2857142857142,NA,4457.84716475796,88410.5268184376,53.1070184504497,344.034632034643,4457.84716475796,2205.47195501413,142412.449212983,43872.8930076457,13.5518240469169,5.13311157862909,624.783530004352,26.3538587799267,13.9228138739619,14.4310789693644,0.644719605811838,0.669281777628393,6.72496531651517,0.0751660596701341,0.912890532453707,1.47049204736741,0.453013346931914,1.11806188077253,6.72496531651517,0.0751660596701341
2020-06-22,4102,572,2590,4085.28571428571,568.571428571429,2567.42857142857,3.71428571428578,1.28571428571422,15,NA,4188.91961420525,88465.4174497031,54.8906312654872,322.532467532466,4188.91961420525,2072.45097933707,142972.726307078,43900.1319675218,13.6359307814254,5.16496922755157,560.277094095014,27.2389598761001,13.9444173573866,14.3796517089385,0.646580343471741,0.669071677630972,6.76670249303816,0.0832927710095575,0.913457310408843,1.47627723690486,0.45329460516529,1.2313260019193,6.76670249303816,0.0832927710095575
2020-06-23,4107,573,2600,4089.57142857143,569.714285714286,2579.42857142857,4.28571428571422,1.14285714285711,12,NA,3928.18897972128,88528.3621398945,62.9446901913616,322.532467532481,3928.18897972128,1943.56961184879,143573.935564481,43931.3676784439,13.7205594468844,5.19702457161799,601.209257403912,31.2357109220393,13.9517896274653,14.350485786254,0.647250198862296,0.667877813397855,6.80869867288999,0.102274949804448,0.914107251245209,1.48248507503068,0.45361713219687,1.50264736467863,6.80869867288999,0.102274949804448
2020-06-24,4114,576,2618,4094.71428571429,571,2589.57142857143,5.14285714285734,1.28571428571433,10.1428571428569,NA,3657.93636906771,88603.4298755612,75.0677356667584,344.034632034614,3657.93636906771,1809.96305317859,144238.429055487,43968.6193367446,13.8057132955828,5.22927884271875,664.493491005414,37.2516583007891,14.0009722897423,14.3107769423559,0.650087700678135,0.669138505868981,6.85095546998848,0.130873039779858,0.914882369634941,1.48934635997769,0.454001777412828,1.91100112683695,6.85095546998848,0.130873039779858
2020-06-25,4123,577,2640,4101,572.285714285714,2600.42857142857,6.28571428571422,1.28571428571433,10.8571428571431,NA,3425.30173015292,88694.6134184646,91.1835429033817,322.532467532466,3425.30173015292,1694.95209380303,144892.590247871,44013.8683129223,13.8913955998494,5.26173328033479,654.161192383617,45.248976177616,13.9946640795537,14.2785856857713,0.650546834538521,0.667927587261945,6.89347450819594,0.171768989434759,0.915823893184541,1.49610095788266,0.454468999625411,2.49275913256581,6.89347450819594,0.171768989434759
2020-06-26,4127,578,2663,4107.57142857143,573.714285714286,2612.14285714286,6.57142857142844,1.42857142857133,11.7142857142858,NA,3239.08528388897,88789.3536821574,94.7402636927727,279.528138528141,3239.08528388897,1602.7598293842,145391.650714901,44060.8822783638,13.9776096521832,5.29438913158722,499.060467030416,47.0139654415325,14.0053307487279,14.292832230052,0.650978947396203,0.666916826883613,6.93625742138415,0.19176776279187,0.916802141961917,1.50125404984884,0.454954446387117,2.76589542050484,6.93625742138415,0.19176776279187
2020-06-27,4138,578,2681,4115,574.857142857143,2625.85714285714,7.42857142857156,1.14285714285722,13.7142857142853,NA,3107.85572693651,88895.7907918716,106.437109714199,236.523809523802,3107.85572693651,1537.8542919921,145870.773600321,44113.7006937107,14.064358765371,5.32724765128159,479.122885419958,52.8184153468974,13.9681005316578,14.3106084853658,0.650199514342867,0.665230879128828,6.9793058534924,0.22923825954681,0.917901167533378,1.5062012745937,0.455499827497767,3.28602368834225,6.9793058534924,0.22923825954681
2020-06-28,4142,581,2685,4121.85714285714,576.428571428571,2639.57142857143,6.85714285714312,1.57142857142856,13.7142857142858,NA,3031.91061724373,88993.4344267675,97.6436348959687,172.017316017329,3031.91061724373,1499.95134819182,146106.640158412,44162.1554298245,14.1516462725952,5.36031010194881,235.86655809154,48.4547361137884,14.0270400772574,14.3140941502004,0.652857150353157,0.667007857301705,7.02262145858108,0.220535492178057,0.918909395320935,1.5086367351158,0.456000151061517,3.14183293805013,7.02262145858108,0.220535492178057
2020-06-29,4145,585,2685,4128,578.285714285714,2653.14285714286,6.14285714285688,1.85714285714289,13.5714285714289,NA,2923.4668858463,89080.3673187467,86.9328919791878,193.519480519477,2923.4668858463,1445.84930318042,146366.720403967,44205.2950604307,14.2394755275722,5.39357775389764,260.080245554826,43.1396306062161,14.1133896260555,14.3175467760761,0.656710358980399,0.670122212543929,7.06620590090048,0.202509445351035,0.919807028407203,1.51132221615962,0.456445593044176,2.86726434099886,7.06620590090048,0.202509445351035
2020-06-30,4155,585,2692,4134.85714285714,580,2666.28571428571,6.85714285714312,1.71428571428567,13.1428571428569,NA,2846.17809940179,89176.8101340338,96.4428152870969,172.017316017314,2846.17809940179,1407.20760679228,146722.627580712,44253.1539010995,14.3278499046808,5.42705188526326,355.907176745182,47.8588406687777,14.0794223826715,14.3103873673822,0.656000140754909,0.668694307768847,7.11006085495436,0.23443840052405,0.92080285702815,1.51499716645994,0.456939763638029,3.2989193670712,7.11006085495436,0.23443840052405
2020-07-01,4157,586,2714,4141,581.428571428571,2680,6.14285714285688,1.42857142857144,13.7142857142858,NA,2737.09383993564,89262.6739265157,85.8637924818904,193.519480519477,2737.09383993564,1353.00360263184,146983.14209716,44295.7630011281,14.4167727990807,5.46073378205214,260.514516447438,42.6091000286106,14.0967043541015,14.3068053993251,0.656489408419937,0.668575076742096,7.15418800555883,0.215718031049384,0.921689451035199,1.51768713160538,0.457379727581377,3.01681024458509,7.15418800555883,0.215718031049384
2020-07-02,4166,587,2721,4147.14285714286,582.857142857143,2691.57142857143,6.14285714285688,1.42857142857144,11.5714285714284,NA,2627.47997086667,89348.0081093948,85.3341828791017,193.519480519491,2627.47997086667,1298.53678468355,147309.486037147,44338.1092873688,14.5062476268454,5.49462473819242,326.343939987506,42.3462862407614,14.0902544407105,14.3243338131517,0.656981629944448,0.668683646065381,7.19858904790823,0.2243108202444,0.922570576512542,1.52105682415059,0.457816977818254,3.11769299371586,7.19858904790823,0.2243108202444
2020-07-03,4172,588,2752,4153.57142857143,584.285714285714,2704.28571428571,6.42857142857156,1.42857142857144,12.7142857142858,NA,2499.78214464766,89436.760499626,88.7523902311805,215.021645021625,2499.78214464766,1235.16793858988,147698.177623213,44382.1518268821,14.5962778250873,5.52872605558129,388.691586065543,44.0425395132042,14.0939597315436,14.3347819991588,0.657447784015454,0.668781460141758,7.24326568763732,0.244531710728374,0.923486996985197,1.5250702927016,0.458271742864834,3.37785220878033,7.24326568763732,0.244531710728374
2020-07-04,4174,589,2784,4158.71428571429,585.857142857143,2719,5.14285714285688,1.57142857142856,14.7142857142858,NA,2396.75737035983,89507.3244699269,70.5639703009365,172.017316017329,2396.75737035983,1183.82696574245,147872.501899337,44417.1685339487,14.6868668520738,5.56303904412889,174.324276123894,35.0167070666357,14.1111643507427,14.3698097340481,0.658046705661384,0.668918662607479,7.28821964087872,0.205612942836119,0.924215611356565,1.5268702930746,0.458633310898746,2.82280479729094,7.28821964087872,0.205612942836119
2020-07-05,4183,589,2811,4164.57142857143,587,2737,5.85714285714312,1.14285714285711,18,NA,2238.95953423175,89587.1933004655,79.8688305385876,236.523809523816,2238.95953423175,1105.73716951134,148335.955905182,44456.8026904566,14.7780181873672,5.59756502181148,463.454005845473,39.6341565078765,14.0808032512551,14.3943109367337,0.657460043451255,0.668076076704341,7.3334526343326,0.244230165544601,0.925040303866163,1.53165572744977,0.459042556805765,3.33237029022244,7.3334526343326,0.244230165544601
2020-07-06,4189,589,2860,4170.85714285714,587.571428571429,2762,6.28571428571468,0.571428571428555,25,NA,2044.04417777137,89672.3775111047,85.1842106391996,279.528138528141,2044.04417777137,1009.65994643434,148845.679457087,44499.0745543828,14.8697353319584,5.63230531472185,509.723551904928,42.2718639262239,14.0606349964192,14.4047910902532,0.656835489754981,0.66742077188157,7.37896640533273,0.280561287649709,0.925919880792186,1.53691892202001,0.459479038588604,3.80463377460856,7.37896640533273,0.280561287649709
2020-07-07,4205,589,2874,4178,588.142857142857,2788,7.14285714285688,0.571428571428555,26,NA,1881.64994596381,89768.5806818946,96.2031707898277,258.025974025964,1881.64994596381,929.649060188254,149356.27755195,44546.8144737221,14.9620218083946,5.66726125711791,510.598094862915,47.7399193393067,14.0071343638526,14.4117338187419,0.656131572456504,0.66696564560895,7.4247627019101,0.349200316263356,0.926913234943174,1.54219114675911,0.459971981249996,4.70651132866993,7.4247627019101,0.349200316263356
2020-07-08,4210,589,2885,4185.57142857143,588.571428571429,2812.42857142857,7.57142857142844,0.428571428571445,24.4285714285716,NA,1767.54610079678,89869.9270531778,101.346371283202,215.021645021654,1767.54610079678,873.529858827183,149755.268833015,44597.1066579679,15.0548811609047,5.70243419147002,398.991281064373,50.2921842458018,13.9904988123515,14.4045870918118,0.655391652484014,0.666610683441534,7.47084328285495,0.40207389221299,0.927959695655177,1.54631096570062,0.46049127754317,5.38603747740605,7.47084328285495,0.40207389221299
2020-07-09,4220,591,2887,4193.28571428571,589.142857142857,2836.14285714286,7.71428571428623,0.571428571428555,23.7142857142858,NA,1654.57468867996,89972.548714654,102.621661476238,215.021645021639,1654.57468867996,817.900651095719,150129.065939074,44648.0316929862,15.1483169555366,5.73782546851308,373.797106059239,50.9250350182701,14.0047393364929,14.3903970967967,0.656867020489042,0.668472433394379,7.51720991778506,0.436084686194952,0.92901932448624,1.55017064001158,0.461017108391668,5.80588316366841,7.51720991778506,0.436084686194952
2020-07-10,4223,593,2941,4200.57142857143,589.857142857143,2863.14285714286,7.28571428571377,0.714285714285779,27,NA,1535.16140352224,90068.8713602322,96.3226455782278,215.021645021654,1535.16140352224,759.00275878331,150453.389850707,44695.8309005663,15.2423327802937,5.77343644729826,324.323911633313,47.7992075801812,14.0421501302392,14.3797450720903,0.658385068053406,0.670318433004795,7.56386438721341,0.439954729324636,0.930013912284476,1.55351947457951,0.461510663238913,5.82159549745531,7.56386438721341,0.439954729324636
2020-07-11,4229,595,2974,4208.42857142857,590.714285714286,2890.28571428571,7.85714285714312,0.857142857142776,27.1428571428569,NA,1401.01708986489,90172.1079989558,103.236638723596,236.523809523802,1401.01708986489,692.794732027462,150900.896590764,44747.0611122638,15.3369322452724,5.80926849524498,447.506740056589,51.2302116974242,14.069519981083,14.3831089777036,0.659849274020399,0.672100991837811,7.6108084826164,0.511333227696997,0.931079891116235,1.5581402440841,0.462039645215575,6.72480681749372,7.6108084826164,0.511333227696997
2020-07-12,4234,595,3036,4215.71428571429,591.571428571429,2922.42857142857,7.28571428571377,0.85714285714289,32.1428571428573,NA,1323.28068816967,90267.2460561351,95.1380571792397,172.017316017314,1323.28068816967,654.362704548206,151140.600812864,44794.2724789843,15.4321189827927,5.84532298819041,239.704222100001,47.2113667205267,14.0529050543222,14.3794707965831,0.659153819348807,0.671531565804671,7.65804400649866,0.519497972481292,0.932062247344621,1.56061533073745,0.46252713026124,6.79064216043319,7.65804400649866,0.519497972481292
2020-07-13,4247,595,3073,4224,592.428571428571,2952.85714285714,8.28571428571468,0.85714285714289,30.4285714285711,NA,1343.94374376124,90374.7749125924,107.528856457342,86.0086580086499,1343.94374376124,664.472620427136,151368.573519658,44847.6326633917,15.527896647535,5.88160131044137,227.972706794564,53.3601844074001,14.0098893336473,14.3688714874744,0.658369551211015,0.67084118986208,7.70557277246096,0.625471699155414,0.933172545841395,1.56296928261603,0.463078105455128,8.12592954908705,7.70557277246096,0.625471699155414
2020-07-14,4258,595,3106,4231.57142857143,593.285714285714,2986,7.57142857142844,0.85714285714289,33.1428571428573,NA,1354.73099686508,90472.4279665621,97.6530539696541,86.0086580086645,1354.73099686508,669.681762139247,151496.510228405,44896.0920736323,15.6242689166866,5.91810485482982,127.936708746391,48.4594102405754,13.9736965711602,14.3757139395618,0.657658928110018,0.670125387025503,7.75339660527306,0.562774467292964,0.934180870886411,1.56429030415465,0.463578477281978,7.2661563717211,7.75339660527306,0.562774467292964
2020-07-15,4263,595,3126,4239.14285714286,594.142857142857,3020.42857142857,7.57142857142844,0.857142857142776,34.4285714285716,NA,1386.41807820862,90569.4786842692,97.0507177071704,64.5064935064875,1386.41807820862,685.190281560004,151623.657807514,44944.2525801637,15.7212394900691,5.95483502276093,127.147579109878,48.1605065313852,13.9573070607553,14.3582130774011,0.656954206476341,0.669323029470598,7.80151734093656,0.558298882240658,0.935182976456313,1.56560317746704,0.464075762752757,7.16383680094062,7.80151734093656,0.558298882240658
2020-07-16,4279,595,3156,4247.57142857143,594.714285714286,3058.85714285714,8.42857142857156,0.571428571428555,38.4285714285711,NA,1407.20919237306,90676.8498850138,107.371200744543,86.0086580086645,1407.20919237306,695.507676558911,151837.783040553,44997.5345294053,15.8188120902722,5.99179322426394,214.125233038183,53.2819492416529,13.9051180182286,14.3581430640822,0.656176301618894,0.668588647952028,7.84993682675162,0.607313421385679,0.936291647065404,1.56781414605906,0.464625930122681,7.74450379955204,7.84993682675162,0.607313421385679
2020-07-17,4293,595,3220,4257.57142857143,595,3098.71428571429,10,0.285714285714334,39.8571428571431,NA,1426.01645796376,90803.453687401,126.603802387239,107.510822510827,1426.01645796376,705.056502233347,152146.489230061,45060.3604764546,15.9169904627975,6.02898087804663,308.706189508666,62.8259470493067,13.8597717214069,14.3546441495778,0.655261419954731,0.667936177082628,7.89865692138823,0.709907536131793,0.937598905564262,1.57100171848798,0.465274644866476,8.99680040987645,7.89865692138823,0.709907536131793
2020-07-18,4315,596,3222,4269.85714285714,595.142857142857,3134.14285714286,12.2857142857147,0.14285714285711,35.4285714285716,NA,1451.44302108166,90958.0360946747,154.58240727373,129.012987012975,1451.44302108166,718.034023350927,152548.831082237,45137.070543222,16.0157783762133,6.06639941155382,402.341852175217,76.7100667674167,13.8122827346466,14.3235344679388,0.655247216837055,0.668335186136625,7.94767949496298,0.860682513197058,0.939195059564949,1.57515613404094,0.466066721287869,10.8401559049649,7.94767949496298,0.860682513197058
2020-07-19,4333,596,3223,4284,595.285714285714,3160.85714285714,14.1428571428569,0.142857142857224,26.7142857142853,NA,1499.13906854606,91134.887986295,176.851891620245,129.012987012989,1499.13906854606,742.062566775785,152913.774918578,45224.8316322967,16.1151796222803,6.10405026101513,364.943836341001,87.7610890747019,13.7549042234018,14.3200797278257,0.653975676241164,0.667692299348604,7.99700642910149,0.973448311869692,0.941021159050118,1.5789243931506,0.466972905994795,12.1845562692808,7.99700642910149,0.973448311869692
2020-07-20,4339,596,3232,4297.14285714286,595.428571428571,3183.57142857143,13.1428571428569,0.14285714285711,22.7142857142858,NA,1533.31671226103,91298.2214741658,163.333487870827,129.012987013004,1533.31671226103,759.382729392681,153127.76053415,45305.8843405635,16.2151980160935,6.14193487149865,213.985615572805,81.0527082667322,13.7358838442037,14.2925725258899,0.652805706810671,0.667054602124176,8.04663961700881,0.875867205099872,0.942707673089517,1.58113392011043,0.467809822736151,10.8951525110499,8.04663961700881,0.875867205099872
2020-07-21,4347,596,3257,4309.85714285714,595.571428571429,3205.14285714286,12.7142857142862,0.14285714285711,21.5714285714289,NA,1561.19364245185,91455.2542485125,157.032774346677,129.012987012989,1561.19364245185,773.576222140437,153333.491491847,45383.8103789611,16.3158373962427,6.18005469697168,205.730957697117,77.9260383975998,13.7106050149528,14.2754417203123,0.651684810126362,0.666392651825188,8.09658096354899,0.828439309602897,0.944329128567103,1.58325821288723,0.46861445477766,10.2413789069785,8.09658096354899,0.828439309602897
2020-07-22,4366,596,3283,4324.57142857143,595.714285714286,3227.57142857143,14.7142857142853,0.14285714285711,22.4285714285711,NA,1612.65137935879,91635.8678295753,180.613581062775,129.012987012975,1612.65137935879,799.471468596945,153707.025242239,45473.4381710674,16.4171016249377,6.21841120034834,373.533750391362,89.6277921063374,13.6509390746679,14.2720240947361,0.650400344446394,0.665867294693013,8.14683238530745,0.941653590613516,0.946194069701583,1.5871151678965,0.469539914288003,11.5689416195112,8.14683238530745,0.941653590613516
2020-07-23,4380,596,3300,4339,595.857142857143,3248.14285714286,14.4285714285716,0.142857142857224,20.5714285714289,NA,1702.51395163007,91811.881916998,176.01408742278,86.0086580086499,1702.51395163007,844.28082239857,153937.62389863,45560.7835076832,16.5189945881552,6.25700585354495,230.598656390852,87.3453366158137,13.6073059360731,14.2447320788224,0.649153451117373,0.665273660266465,8.19739581066346,0.893933541995535,0.948011518367133,1.58949623424449,0.470441806106998,10.9145776747337,8.19739581066346,0.893933541995535
2020-07-24,4398,596,3312,4354,596,3261.28571428571,15,0.14285714285711,13.1428571428569,NA,1841.2230119103,91993.7381634255,181.856246427429,43.0043290043395,1841.2230119103,913.185855534422,154175.876453845,45651.0279607976,16.6215201958077,6.29584013754429,238.25255521576,90.2444531143628,13.5516143701683,14.2277393172595,0.647870183230531,0.664641684030507,8.24827317987448,0.88032690312404,0.94988929075019,1.59195633158602,0.471373633003853,10.6816303181135,8.24827317987448,0.88032690312404
2020-07-25,4424,596,3324,4369.57142857143,596,3275.85714285714,15.5714285714284,0,14.5714285714284,NA,2007.34048144563,92181.357797463,187.619634037488,21.5021645021625,2007.34048144563,995.692054165265,154421.679708318,45744.1324408463,16.7246823818659,6.33491554244174,245.803254472848,93.1044800486779,13.4719710669078,14.1736028537455,0.646551552548734,0.663929400991641,8.29946644513647,0.845071308103434,0.951826573489914,1.59449439432504,0.472334991355897,10.1899461838047,8.29946644513647,0.845071308103434
2020-07-26,4435,596,3329,4384.14285714286,596,3291,14.5714285714284,0,15.1428571428573,NA,2160.32601551704,92355.8454960365,174.48769857359,21.502164502177,2160.32601551704,1071.6816532426,154650.278620127,45830.7203213414,16.8284851044974,6.37423356749788,228.598911808454,86.5878804951644,13.4385569334837,14.1567695961995,0.645330024102889,0.663180687403179,8.35097757065285,0.725405046642424,0.953628261295536,1.59685481213759,0.473229061996281,8.69248142935517,8.35097757065285,0.725405046642424
2020-07-27,4448,596,3329,4399.71428571429,596,3304.85714285714,15.5714285714284,0,13.8571428571427,NA,2324.13604170458,92541.1576867262,185.312190689699,21.5021645021625,2324.13604170458,1153.04280479861,154893.058858979,45922.6797543153,16.9329323462209,6.41379572119694,242.780238852429,91.9594329738393,13.3992805755396,14.1232227488152,0.644037761033422,0.662424271085396,8.40280853271114,0.720328822117562,0.955541718329632,1.59936166046766,0.474178597065832,8.57797338728746,8.40280853271114,0.720328822117562
2020-07-28,4456,596,3331,4415.28571428571,596,3315.42857142857,15.5714285714294,0,10.5714285714289,NA,2486.80300562912,92725.3268151529,184.169128426685,21.5021645021479,2486.80300562912,1233.83672244966,155134.341555073,46014.0719533841,17.0380281140768,6.45360352131141,241.282696093869,91.3921990688832,13.3752244165171,14.1131896755861,0.642758586538196,0.661715852546088,8.45496131976745,0.669590102973658,0.957443372575583,1.6018530457906,0.475122275112695,7.92419742742818,8.45496131976745,0.669590102973658
2020-07-29,4465,596,3339,4429.42857142857,596,3323.42857142857,14.1428571428569,0,8,NA,2631.5419263403,92891.5679003663,166.241085213347,21.5021645021625,2631.5419263403,1305.73401715275,155352.136456882,46096.5675295051,17.1437764397557,6.49365849495065,217.794901808491,82.495576120913,13.3482642777156,14.093166233152,0.641608289612743,0.660958264396904,8.50743793251035,0.568401956404736,0.959159909262529,1.60410190586454,0.475974090310729,6.68493181152847,8.50743793251035,0.568401956404736
2020-07-30,4484,596,3346,4444.28571428571,596,3330,14.8571428571431,0,6.57142857142844,NA,2783.59964089279,93065.1277794209,173.559879054665,21.502164502177,2795.49417760482,1381.26319451391,155579.51981863,46182.6949882841,17.2501813797448,6.53396217861643,227.383361748944,86.1274587790031,13.2917038358608,14.0765233821445,0.640411735545686,0.660261640893931,8.56024038393351,0.564285264153985,0.960952016787555,1.60644977240993,0.476863406826907,6.59536818765549,8.56024038393351,0.564285264153985
2020-07-31,4505,596,3353,4459.57142857143,596,3335.85714285714,15.2857142857138,0,5.85714285714266,NA,2939.5624296493,93242.5927326796,177.464953258677,21.5021645021625,2991.50645527546,1458.73022824701,155812.019275788,46270.760303435,17.3572470154887,6.5745161182638,232.499457157799,88.065315150925,13.2297447280799,14.0334353661408,0.639192865119799,0.659476054658429,8.61337069941546,0.548865240199125,0.962784446493633,1.60885046564046,0.477772732846465,6.37537635267687,8.61337069941546,0.548865240199125
2020-08-01,4526,597,3364,4474.14285714286,596.142857142857,3341.57142857143,14.5714285714284,0.14285714285711,5.71428571428578,NA,3100.40539713121,93410.7214144472,168.128681767615,7.14285714285506,3204.48861093158,1534.8767921317,156032.28714573,46354.1925816054,17.4649774535327,6.61532186935529,220.267869941861,83.4322781703959,13.1904551480336,14.0005368046702,0.639112931535144,0.659869546355766,8.66683091679065,0.495470954005215,0.96452047372187,1.6111248605605,0.478634220042432,5.71951390015804,8.66683091679065,0.495470954005215
2020-08-02,4535,597,3389,4488.42857142857,596.285714285714,3350.14285714286,14.2857142857147,0.142857142857224,8.5714285714289,NA,3256.50640470661,93574.5367077369,163.815293289677,7.57142857142026,3411.39116118764,1608.45430609499,156246.9039817,46435.484381283,17.5733768256748,6.65638099691869,214.616835970315,81.2917996775868,13.1642778390298,13.9874669079454,0.637994075102526,0.659162455909875,8.72062308642511,0.460567500427609,0.966211962684745,1.61334090524107,0.479473605542805,5.28367333643706,8.72062308642511,0.460567500427609
2020-08-03,4544,597,3413,4502.14285714286,596.428571428571,3362.14285714286,13.7142857142853,0.14285714285711,12,NA,3404.94188389792,93730.8293297854,156.292622048451,7.71428571428987,3608.29529156655,1678.15590801377,156451.665254937,46513.0431260589,17.6824492891274,6.697695075608,204.761273236072,77.5587447759171,13.1382042253521,13.9385036557273,0.63693024404969,0.658381936246185,8.77474927129631,0.420959935034339,0.967825775655833,1.6154551854572,0.480274445062293,4.79939550625672,8.77474927129631,0.420959935034339
2020-08-04,4553,598,3415,4516,596.714285714286,3374.14285714286,13.8571428571431,0.285714285714221,12,NA,3554.31700466754,93887.7758791264,156.946549341053,7.28571428571013,3806.34185603849,1748.46772949128,156657.28324798,46590.9263761078,17.7921990266654,6.73926568975982,205.617993043357,77.883250048937,13.1341972325939,13.8997038368108,0.636930627443855,0.658565259046939,8.82921154706703,0.4068102601486,0.969446340809675,1.61757831180772,0.481078635289011,4.60937527548587,8.82921154706703,0.4068102601486
2020-08-05,4564,599,3431,4530.14285714286,597.142857142857,3387.28571428571,14.1428571428569,0.428571428571445,13.1428571428569,NA,3705.2257752544,94046.970363999,159.194484872569,7.85714285714494,4006.61918834728,1819.1807821348,156865.846294574,46669.9251430371,17.9026302467804,6.78109443345159,208.5630465945,78.9987669292386,13.1244522348817,13.8387684158252,0.636915785465106,0.658545441082879,8.88401200216171,0.397755918248251,0.971090117216046,1.6197318475631,0.481894343881647,4.47890507975272,8.88401200216171,0.397755918248251
2020-08-06,4597,600,3463,4546.28571428571,597.714285714286,3404,16.1428571428578,0.571428571428555,16.7142857142858,NA,3877.95461874598,94227.5563503477,180.585986348742,7.28571428572468,4235.35041420982,1900.93773776652,157102.434663294,46759.5392415259,18.0137471838387,6.82318291056146,236.588368719677,89.6140984888552,13.0519904285404,13.7944677063071,0.636756404643604,0.658364774739427,8.93915273784476,0.435520478817178,0.972954773418923,1.6221747612032,0.48281966199736,4.87381869020771,8.93915273784476,0.435520478817178
2020-08-07,4621,602,3464,4562.85714285714,598.571428571429,3419.85714285714,16.5714285714284,0.85714285714289,15.8571428571427,NA,4053.04855355411,94411.7931422987,184.236791950985,8.28571428571013,4467.57890014368,1983.22065708054,157343.806006371,46850.9650179828,18.1255540982408,6.86553273482877,241.371343076724,91.4257764568756,13.0274832287384,13.7951470055642,0.637632206701823,0.659377576342322,8.99463586829996,0.427176774668395,0.974857126330439,1.62466706185822,0.483763686750443,4.75087539860284,8.99463586829996,0.427176774668395
2020-08-08,4653,602,3491,4581,599.285714285714,3438,18.1428571428569,0.714285714285779,18.1428571428573,NA,4231.2953956469,94612.2564346079,200.463292309214,21.5021645021479,4693.007355871,2071.38611470337,157606.4359273,46950.4430427377,18.2380552765792,6.9081455299137,262.629920928768,99.4780247549497,12.9378895336342,13.7861908048243,0.636281199377247,0.658245395463204,9.05046352070849,0.447487888773321,0.976927027373211,1.62737886979538,0.484790855688962,4.94598793131724,9.05046352070849,0.447487888773321
2020-08-09,4696,602,3499,4604,600,3453.71428571429,23,0.714285714285666,15.7142857142858,NA,4461.64197051057,94864.8194596881,252.563025080148,21.5021645021916,5034.29050403295,2185.40557505465,157984.920540663,47075.7750702211,18.3512550317993,6.95102292945833,378.484613363456,125.33202748339,12.8194207836457,13.7425561154375,0.634587198319409,0.656947998920687,9.10663783532899,0.543398554011117,0.979534888707609,1.63128694536797,0.486084982366182,5.96892916859412,9.10663783532899,0.543398554011117
2020-08-10,4731,605,3525,4630.71428571429,601.142857142857,3469.71428571429,26.7142857142853,1.14285714285711,16,NA,4730.53701691232,95156.3595277349,291.540068046772,21.5021645021625,5378.61141780726,2318.33845522393,158366.871491067,47220.4490889511,18.4651577033646,6.99416657714917,381.950950404338,144.674018729973,12.7879940815895,13.7247227658187,0.635795655700409,0.658956103902702,9.16316096557941,0.598577716657068,0.982545210866387,1.63523081290313,0.487578826444974,6.53436716737291,9.16316096557941,0.598577716657068
2020-08-11,4746,605,3527,4658.28571428571,602.142857142857,3485.71428571429,27.5714285714294,1,16,NA,4985.57090563534,95455.3977454622,299.038217727313,43.0043290042959,5696.41144591253,2444.53679742588,158758.645878147,47368.8439939887,18.579767657415,7.03757812677717,391.774387079611,148.39490503761,12.7475769068689,13.6912882479049,0.633803864725671,0.657653457809516,9.22003507811574,0.582677923857484,0.985632955817458,1.63927611318234,0.489111090856783,6.32144335110814,9.22003507811574,0.582677923857484
2020-08-12,4768,605,3529,4687.42857142857,603,3499.71428571429,29.1428571428569,0.85714285714289,14,NA,5234.33934869598,95769.5298248865,314.132079424293,64.506493506502,5997.64184288165,2567.76990236039,159170.194956435,47524.7290860339,18.6950892869336,7.08125924230069,411.54907828779,155.885092045137,12.6887583892617,13.630198915009,0.631724934962337,0.656314914919436,9.2772623529144,0.584391457128942,0.98887655374144,1.64352559874394,0.490720695841616,6.30082462710981,9.2772623529144,0.584391457128942
2020-08-13,4813,607,3561,4718.28571428571,604,3513.71428571429,30.8571428571431,1,14,NA,5477.8893974698,96100.0885316689,330.558706782467,86.0086580086499,6283.76297041206,2688.4134281751,159603.264801914,47688.7657375199,18.8111270119229,7.12521159791263,433.069845479156,164.036651486036,12.6116767089134,13.6189402480271,0.631633132991307,0.657240477567876,9.33484498336024,0.589368057014331,0.992289766225306,1.64799729884636,0.49241447045767,6.31519442591773,9.33484498336024,0.589368057014331
2020-08-14,4853,607,3590,4751.42857142857,604.714285714286,3531.71428571429,33.1428571428569,0.714285714285666,18,NA,5701.01653928193,96452.9429462083,352.854414539412,129.012987012989,6526.40538938632,2799.21014086813,160065.544583526,47863.8664244342,18.9278852795586,7.16943687809828,462.279781611636,175.100686914302,12.5077271790645,13.5951952723535,0.629322425484231,0.655924364005515,9.39278517632231,0.604887989543652,0.995933194965743,1.65277060866777,0.494222487727361,6.44143006433085,9.39278517632231,0.604887989543652
2020-08-15,4877,607,3606,4783.42857142857,605.428571428571,3548.14285714286,32,0.714285714285779,16.4285714285716,NA,5931.37688959997,96791.5284047515,338.585458543166,107.510822510856,6786.84101778539,2913.52429967258,160509.130395075,48031.8862760421,19.0453685643521,7.21393677769713,443.585811549274,168.019851607889,12.4461759278245,13.5868171325981,0.627120999124756,0.654621580585042,9.4510851522349,0.561178091899798,0.999429288368346,1.65735089228632,0.495957391220382,5.93903659479319,9.4510851522349,0.561178091899798
2020-08-16,4916,608,3623,4814.85714285714,606.285714285714,3565.85714285714,31.4285714285716,0.85714285714289,17.7142857142853,NA,6153.4969061811,97122.0163867006,330.487981949074,107.510822510798,7036.52516532241,3023.67730467846,160942.107582905,48195.8878309943,19.1635813683215,7.25871300196749,432.977187830023,164.00155495217,12.3677786818552,13.5786274196129,0.626016656799206,0.654526577323067,9.50974714518209,0.52975691482592,1.00284177057683,1.66182163564418,0.497650803444143,5.5718594198347,9.50974714518209,0.52975691482592
2020-08-17,4946,608,3630,4845.57142857143,606.714285714286,3580.85714285714,30.7142857142853,0.428571428571331,15,NA,6302.03558405783,97443.0009520232,320.984565322622,172.017316017314,7164.72577929928,3097.74805567637,161362.634204208,48355.1734047634,19.2825282211714,7.30376726665477,420.526621302852,159.285573769121,12.2927618277396,13.5306486555371,0.623954510903614,0.653305931563384,9.56877340298729,0.499033802927389,1.00615612443595,1.66616381960176,0.499295520396785,5.21629522556837,9.56877340298729,0.499033802927389
2020-08-18,4970,609,3631,4877.57142857143,607.285714285714,3595.71428571429,32,0.571428571428669,14.8571428571431,NA,6483.3072057048,97775.3591537567,332.358201733543,150.515151515152,7344.17148471816,3187.91829112308,161798.061594608,48520.1030387063,19.4022136804523,7.34910129805168,435.427390400553,164.929633942957,12.2535211267606,13.4802600285397,0.622856316019578,0.653134991372412,9.6281661872921,0.507672209401012,1.00958791776039,1.67065986273793,0.500998515580343,5.27382299418151,9.6281661872921,0.507672209401012
2020-08-19,5002,609,3665,4911,607.857142857143,3615.14285714286,33.4285714285716,0.571428571428555,19.4285714285716,NA,6698.77667790356,98120.4130415399,345.053887783186,129.012987012989,7576.73717548576,3294.98692286942,162250.12179087,48691.3327875311,19.5226423317289,7.39471683306208,452.060196262144,171.22974882475,12.1751299480208,13.4303389937504,0.620665956371561,0.651959422621277,9.68792777363991,0.515511705296382,1.01315080148792,1.67532764934794,0.502766563144379,5.32218938321426,9.68792777363991,0.515511705296382
2020-08-20,5046,609,3678,4944.28571428571,608.142857142857,3631.85714285714,33.2857142857147,0.285714285714221,16.7142857142853,NA,6889.43567943841,98461.8729088756,341.45986733571,150.515151515152,7768.39282176513,3389.95948861496,162697.473407846,48860.7790374871,19.6438187887571,7.44061561926793,447.351616975357,169.446249956069,12.0689655172414,13.4099858245393,0.618513524076082,0.650818076612125,9.74806045156369,0.496801633878476,1.01667657484683,1.67994681711575,0.504516195036771,5.0973466313938,9.74806045156369,0.496801633878476
2020-08-21,5098,611,3681,4979.28571428571,608.714285714286,3644.85714285714,35,0.571428571428555,13,NA,7138.18436702566,98818.7038475451,356.830938669504,107.510822510812,8052.87498038204,3513.47065259489,163164.96289247,49037.8530371277,19.7657476936523,7.48679941499314,467.48948462421,177.073999640503,11.9850921930169,13.3960010060362,0.618304001378762,0.651866631682346,9.80856652466954,0.507934676626015,1.0203610635307,1.68477392017568,0.506344587917491,5.17939284540342,9.80856652466954,0.507934676626015
2020-08-22,5133,611,3692,5015.85714285714,609.285714285714,3657.14285714286,36.5714285714284,0.571428571428669,12.2857142857147,NA,7400.65401935315,99189.2557509549,370.551903409752,107.510822510842,8355.33317762072,3643.79071637073,163650.428415716,49221.7359365641,19.8884337170639,7.5332699893697,485.465523246006,183.882899436423,11.9033703487239,13.3820714756362,0.615994137040511,0.650776945431765,9.86944831072345,0.512248795919861,1.02418722922136,1.68978663637535,0.508243286681275,5.19112262106161,9.86944831072345,0.512248795919861
2020-08-23,5155,613,3695,5050,610,3667.42857142857,34.1428571428569,0.714285714285666,10.2857142857142,NA,7614.73764767678,99533.0666520058,343.810901050907,129.012987012989,8586.12755596347,3750.09967049052,164100.860156696,49392.3488649051,20.0118815583576,7.58002912240652,450.43174098013,170.612928341056,11.8913676042677,13.3654688869413,0.615875729161658,0.651801964090334,9.93070814174136,0.461274862378585,1.027737278382,1.69443760822966,0.51000496521212,4.64568266739427,9.93070814174136,0.461274862378585
2020-08-24,5191,613,3695,5085,610.714285714286,3676.71428571429,35,0.714285714285666,9.28571428571422,NA,7899.78488078673,99883.3346643365,350.268012330707,64.5064935064729,8934.8430296538,3891.40774964926,164559.751454562,49566.1660740316,20.136095945785,7.6270786050539,458.891297866125,173.817209126515,11.8089000192641,13.2850616861929,0.613715993824216,0.650552793410882,9.99234836407374,0.459563663918269,1.03135400100299,1.69917592996942,0.511799729821033,4.59986973336596,9.99234836407374,0.459563663918269
2020-08-25,5215,614,3716,5120,611.428571428571,3688.85714285714,35,0.714285714285779,12.1428571428569,NA,8161.16923111213,100231.441958385,348.107294048357,86.008658008679,9244.24053491236,4021.04531125005,165015.811963484,49738.911047018,20.2610816366596,7.67442023927012,456.060508921626,172.744972986402,11.7737296260786,13.2315206974372,0.612582227695504,0.650342483247375,10.0543713384928,0.442984341870032,1.03494841294069,1.70388502215338,0.513583422963051,4.40654143500791,10.0543713384928,0.442984341870032
2020-08-26,5288,614,3734,5160.85714285714,612.142857142857,3698.71428571429,40.8571428571431,0.714285714285666,9.85714285714312,NA,8478.30151719152,100635.297188187,403.855229802328,86.0086580086499,9626.67423443054,4178.34726202199,165544.908666665,49939.3204091756,20.386843417537,7.72205583808955,529.096703181189,200.409362157545,11.6111951588502,13.1558748580025,0.610123900018723,0.648964545544235,10.1167794402815,0.500557333358341,1.03911845500509,1.70934825587077,0.515652767145384,4.94849718668674,10.1167794402815,0.500557333358341
2020-08-27,5379,614,3757,5208.42857142857,612.857142857143,3710,47.5714285714284,0.714285714285779,11.2857142857142,NA,8901.90524445855,101102.619530173,467.322341985651,43.004329004325,10165.2314942671,4388.34073355515,166157.15457119,50171.2247292587,20.5133861043988,7.7699872256926,612.245904525131,231.904320083107,11.4147611080126,13.0506205889511,0.607303750242356,0.64723677702345,10.1795750593257,0.561020192396061,1.04394383221927,1.7156700538499,0.518047315236628,5.51198068431582,10.1795750593257,0.561020192396061
2020-08-28,5511,614,3759,5267.42857142857,613.285714285714,3721.14285714286,59,0.428571428571445,11.1428571428573,NA,9391.4846017884,101678.63611694,576.016586767058,86.0086580086499,10877.2411740323,4631.36185394869,167015.541540333,50457.0675467521,20.6407145428296,7.81821623747252,858.386969142506,285.842817493431,11.1413536563237,12.9631307183622,0.603863332011892,0.645253772892646,10.2427606002012,0.662695001063852,1.04989154124803,1.72453340265587,0.520998809942632,6.47071127976373,10.2427606002012,0.662695001063852
2020-08-29,5669,614,3759,5344,613.714285714286,3730.71428571429,76.5714285714284,0.428571428571331,9.57142857142844,NA,10048.0020958272,102421.590840416,742.954723476098,86.008658008679,11970.781770389,4957.22445571665,168255.459426067,50825.75184562,20.7688336082023,7.86674472010563,1239.91788573406,368.684298867847,10.8308343623214,12.9311901751851,0.599482975183112,0.643232351969524,10.3063384822658,0.815231301907558,1.05756298442918,1.73733628190159,0.524805691521248,7.91094012265769,10.3063384822658,0.815231301907558
2020-08-30,5961,614,3759,5459.14285714286,613.857142857143,3739.85714285714,115.142857142857,0.142857142857224,9.14285714285688,NA,11050.6608801983,103531.903304441,1110.31246402474,107.510822510812,14377.1857868421,5455.07231648939,170844.442197099,51376.7339706247,20.8977482058721,7.91557453162489,2588.98277103179,550.982125004753,10.3002851870492,12.8745206136146,0.593053909377578,0.641122495978306,10.3703111397561,1.14580309035901,1.06902761169642,1.76406904716623,0.530494905052358,11.050081931072,10.3703111397561,1.14580309035901
2020-08-31,6139,615,3761,5594.57142857143,614.142857142857,3749.28571428571,135.428571428572,0.285714285714221,9.42857142857156,NA,12240.7341215453,104829.773082584,1297.86977814352,107.510822510812,15894.8225463872,6045.85087449401,172544.800568365,52020.7896500042,21.0274632713509,7.96470754148591,1700.35837126675,644.055679379489,10.0179182277244,12.7600842955092,0.58666539277492,0.639957787132873,10.4346810218734,1.22540706244198,1.08242887821368,1.78162624442279,0.537145157609794,11.7447254260528,10.4346810218734,1.22540706244198
2020-09-01,6257,616,3821,5743.42857142857,614.428571428571,3764.28571428571,148.857142857143,0.285714285714334,15,NA,13550.69884321,106247.534341046,1417.76125846125,107.510822510842,17569.5309055912,6696.12445280668,174402.230539291,52724.3403496918,21.1579837705021,8.01414563064069,1857.42997092559,703.550699687534,9.84497362953492,12.6607989167231,0.579778160331413,0.638653400491411,10.4994505928808,1.2159788275974,1.09706809456839,1.80080529805105,0.544409731139199,11.5823221416582,10.4994505928808,1.2159788275974
2020-09-02,6622,619,3903,5934,615.142857142857,3788.42857142857,190.571428571428,0.714285714285666,24.1428571428573,NA,15246.3378257088,108051.398431769,1803.86409072395,107.510822510812,20098.7260300311,7537.56936141513,177114.575846881,53619.4909511036,21.2893146997665,8.06389069162329,2712.34530759006,895.150601411886,9.34762911507097,12.6131403966138,0.572875510159062,0.639518778349628,10.564622332215,1.40625731273933,1.11569404907307,1.82881185384423,0.553652686006183,13.3119635495982,10.564622332215,1.40625731273933
2020-09-03,6923,620,3930,6154.57142857143,616,3813.14285714286,220.571428571428,0.85714285714289,24.7142857142858,NA,17212.920988529,110126.349559958,2074.95112818813,107.510822510827,22633.8571184136,8513.39580741181,179832.999975556,54649.1659470466,21.4214610863138,8.11394462860707,2718.42412867554,1029.67499594298,8.95565506283403,12.5305126118796,0.562989695451991,0.638372248709717,10.6301987345617,1.44663004845021,1.13711913620231,1.85688117702966,0.564284684130468,13.6095051277775,10.6301987345617,1.44663004845021
2020-09-04,7382,621,3944,6421.85714285714,617,3839.57142857143,267.285714285715,1,26.4285714285711,NA,19646.3034120264,112625.238476962,2498.88891700395,64.506493506502,25797.2268690751,9720.65110242344,183106.83126468,55889.2160863117,21.5544279882194,8.16430935747186,3273.83128912307,1240.05013926512,8.41235437550799,12.4747270521634,0.551386179863256,0.637295643538066,10.6961823099435,1.55274289986965,1.16292162959397,1.89068540483196,0.577088928971445,14.517518082313,10.6961823099435,1.55274289986965
2020-09-05,7892,624,3952,6739.42857142857,618.428571428571,3867.14285714286,317.571428571428,1.42857142857144,27.5714285714289,NA,22531.0693767668,115575.939506637,2950.70102967542,64.5064935064729,29552.0937722582,11151.6853405653,186972.588277753,57353.4737401356,21.6882204946716,8.21498680588217,3865.75701307319,1464.25765382388,7.9067410035479,12.4432308134521,0.539904761028715,0.638197604591488,10.762575583822,1.61637953609443,1.1933893479871,1.93060161283339,0.592208247873297,15.0191156463009,10.762575583822,1.61637953609443
2020-09-06,8387,624,3958,7086,619.857142857143,3895.57142857143,346.571428571428,1.42857142857144,28.4285714285711,NA,25700.929219424,118776.227920723,3200.28841408576,29,33706.9231541728,12709.3698167281,191165.333410583,58941.5867877271,21.8228437262099,8.26597891337777,4192.74513283034,1588.11304759144,7.44008584714439,12.3921859827498,0.525357650199575,0.635953295198447,10.8293810972169,1.53814645495225,1.22643420247982,1.9738941649139,0.60860644634337,14.2038904615232,10.8293810972169,1.53814645495225
2020-09-07,8963,625,3961,7489.42857142857,621.285714285714,3924.14285714286,403.428571428572,1.42857142857144,28.5714285714289,NA,29358.8302520058,122478.561853737,3702.33393301471,43.004329004325,38483.0026082441,14514.6182346151,196015.815795057,60778.8352056141,21.9583028348748,8.31728763143013,4850.48238447422,1837.24841788699,6.97311168135669,12.3124398391937,0.510293385667255,0.634763468879395,10.89660140678,1.56966826624679,1.26466297134998,2.0239782398082,0.627577113602247,14.4054477618521,10.89660140678,1.56966826624679
2020-09-08,9304,626,3972,7924.71428571429,622.714285714286,3945.71428571429,435.285714285714,1.42857142857133,21.5714285714284,NA,33284.4468088639,126448.611311028,3970.04945729098,43.0043290043395,43609.8201259387,16450.4322510152,201217.036243155,62748.9349362998,22.0946030043971,8.36891492351435,5201.22044809753,1970.09973068576,6.72828890799656,12.2148741803508,0.495062771753352,0.633483314014902,10.9642390848888,1.48261591931789,1.30565605999402,2.07768389087874,0.647919548568459,13.5225055740078,10.9642390848888,1.48261591931789
2020-09-09,9715,628,3984,8366.57142857143,624,3957.28571428571,441.857142857144,1.28571428571433,11.5714285714284,NA,37180.7740833736,130453.735122335,4005.1238113062,107.510822510812,48673.2703917036,18383.6601788599,206464.208120641,64736.4399855194,22.2317494504297,8.4208627651968,5247.17187748654,1987.50504921962,6.46423057128152,12.156633547633,0.481396718469644,0.633133090116925,11.0322967197621,1.32750439237364,1.34701131191051,2.13186401740317,0.668441703654839,12.0330190082643,11.0322967197621,1.32750439237364
2020-09-10,10191,630,3990,8833.42857142857,625.428571428571,3965.85714285714,466.857142857141,1.42857142857144,8.57142857142844,NA,41255.9583690434,134659.360966446,4205.62584411142,129.012987012989,53962.7712962635,20405.644217506,211974.060673553,66823.442284101,22.3697474207112,8.47313314419722,5509.8525529115,2087.0022985816,6.18192522814248,12.1324650131634,0.467847163003381,0.632955480215081,11.1007769155409,1.25563364831658,1.39043686488811,2.1887564759347,0.689991226185078,11.3112917839763,11.1007769155409,1.25563364831658
2020-09-11,10909,631,4014,9337.28571428571,626.857142857143,3975.85714285714,503.857142857143,1.42857142857144,10,NA,45614.9499589196,139170.296279266,4510.93531281993,150.515151515152,59615.7754669786,22568.5369291309,217883.903672107,69061.9515370793,22.5086021952677,8.52572806046504,5909.84299855397,2238.5092529783,5.78421486845724,12.0758455568704,0.453401348470082,0.631737018112692,11.1696822923885,1.22129264888101,1.43701491716057,2.24977907036791,0.713105146861634,10.9340213902405,11.1696822923885,1.22129264888101
2020-09-12,11825,633,4058,9899.14285714286,628.142857142857,3991,561.857142857143,1.28571428571422,15.1428571428573,NA,50397.8095064159,144169.46318607,4999.16690680361,215.021645021654,65799.1003808592,24942.0579935168,224433.386095145,71542.7411299292,22.6483190866536,8.5786495262707,6549.48242303813,2480.78959284991,5.35306553911205,12.0449253526914,0.439066627572186,0.631538355262629,11.2390154866101,1.23174026926426,1.48863424693505,2.31740631693711,0.738720754118146,10.9594922526624,11.2390154866101,1.23174026926426
2020-09-13,12309,637,4069,10459.4285714286,630,4006.85714285714,560.285714285714,1.85714285714289,15.8571428571427,NA,55135.3621988741,149123.894666407,4954.43148033696,215.021645021639,71923.2453230266,27292.8080943929,230924.259975041,74001.3311878408,22.7889034401141,8.63189956626706,6490.87387989633,2458.59005791158,5.1750751482655,11.9137670196672,0.427161590317221,0.632978704091086,11.3087791507333,1.11173076887875,1.53979165719886,2.38442839593091,0.764107138158832,9.83064845250118,11.3087791507333,1.11173076887875
2020-09-14,13153,642,4117,11058,632.428571428571,4029.14285714286,598.571428571429,2.42857142857144,22.2857142857147,NA,60178.2397220385,154384.222406021,5260.32773961467,215.021645021654,78447.5780452591,29794.7849103994,237815.893063574,76611.7193894541,22.9303606337745,8.6854802175613,6891.63308853284,2610.38820161331,4.88101573785448,11.7573632911056,0.415845602610595,0.634998383803896,11.3789759536024,1.08564679440037,1.59410762571423,2.45558854875509,0.791060927046161,9.54075121632573,11.3789759536024,1.08564679440037
2020-09-15,13879,646,4130,11711.5714285714,635.285714285714,4051.71428571429,653.571428571429,2.85714285714289,22.5714285714284,NA,65668.6034821661,160092.464954028,5708.24254800632,215.021645021625,85558.3020040969,32518.6066689159,245294.345960141,79444.3811050061,23.0726960788562,8.73939352979653,7478.45289656671,2832.66171555201,4.65451401397795,11.5275941623247,0.403516805232218,0.63533503661186,11.449608580485,1.08606877842176,1.65304857727904,2.53280796020251,0.820309820303883,9.4855591894554,11.449608580485,1.08606877842176
2020-09-16,14460,654,4153,12389.4285714286,639,4075.85714285714,677.857142857141,3.71428571428567,24.1428571428569,NA,71355.1991301301,165976.294368225,5883.8294141978,193.519480519491,92934.6949471085,35339.3028980882,253002.837804251,82364.1761526531,23.2159152199195,8.79364156524388,7708.49184411057,2919.79504764701,4.52282157676349,11.2718292467807,0.39403217338319,0.638537240667354,11.5206797331932,1.03225027793256,1.71380256619966,2.61240265867588,0.850458416309606,8.95988204743184,11.5206797331932,1.03225027793256
2020-09-17,15170,663,4227,13100.7142857143,643.714285714286,4109.71428571429,711.285714285716,4.71428571428567,33.8571428571427,NA,77271.3666273114,172112.197796143,6135.90342791725,215.021645021654,100603.846600186,38273.4902060342,261041.575537915,85409.0605604918,23.3600235350351,8.8482263988674,8038.73773366335,3044.88440783863,4.37046802900461,10.7987633906104,0.385213836375088,0.640382315826278,11.5921921301678,0.996836250133346,1.77715936712563,2.69540733961179,0.881898633310463,8.59909789716547,11.5921921301678,0.996836250133346
2020-09-18,16111,669,4240,13843.8571428571,649.142857142857,4142,743.142857142857,5.42857142857144,32.2857142857147,NA,83422.0874974056,178483.368882687,6371.17108654443,215.021645021639,108580.511602996,41323.7125926975,269388.540907025,88570.694332762,23.5050265359879,8.90315011840139,8346.96536911017,3161.63377227017,4.15244243063745,10.5740813999488,0.374824838968452,0.638177476042961,11.6641485065804,0.96174455339182,1.84294544458554,2.7815946516253,0.914544355959742,8.24519011974166,11.6641485065804,0.96174455339182
2020-09-19,16920,675,4382,14571.7142857143,655.142857142857,4188.28571428571,727.857142857143,6,46.2857142857147,NA,89424.1949237291,184684.99578953,6201.62690684301,193.519480519477,116370.970022023,44299.8271264907,277513.383941437,91648.1933993156,23.6509297685095,8.95841482443827,8124.84303441242,3077.49906655366,3.98936170212766,10.4705586885545,0.365487189207964,0.635308860752766,11.7365516144483,0.872512590161888,1.90698087897101,2.86548842028273,0.946321338436743,7.43403466981797,11.7365516144483,0.872512590161888
2020-09-20,17990,683,4391,15383.2857142857,661.714285714286,4234.28571428571,811.571428571428,6.57142857142856,46,NA,96010.3423664276,191557.242799328,6872.24700979807,279.528138528141,124893.497599254,47565.7660293121,286516.816280572,95058.4813891402,23.797738812468,9.01402263050053,9003.43233913498,3410.28798982462,3.79655364091162,9.9926651421668,0.356551383815593,0.632106580676316,11.8094042227285,0.907567235080809,1.97794085916445,2.95845413870745,0.981534561690631,7.68499734960933,11.8094042227285,0.907567235080809
2020-09-21,18866,686,4401,16199.4285714286,668,4274.85714285714,816.142857142857,6.28571428571433,40.5714285714284,NA,102506.842971805,198425.565915528,6868.32311620007,365.536796536791,133265.221421846,50787.6503254286,295515.107868732,98466.8221836455,23.945459282082,9.06997566312189,8998.29158816003,3408.3407945053,3.63617088943072,9.64899609995667,0.345721579190071,0.622920856580751,11.8827091174242,0.850072056577708,2.04886032285556,3.05136677586386,1.01672767901103,7.15373255308977,11.8827091174242,0.850072056577708
2020-09-22,19499,694,4559,17002.2857142857,674.857142857143,4336.14285714286,802.857142857143,6.85714285714289,61.2857142857138,NA,108784.777295118,205140.400671741,6714.83475621327,430.043290043293,141325.824909327,53901.0011926364,304312.312088814,101798.995822067,24.0940968261618,9.12627606193859,8797.20422008145,3332.17363842162,3.55915687983999,9.14192824244301,0.338304886666627,0.616202912761835,11.9564691017044,0.783237391488874,2.11819492922576,3.14220306802924,1.0511343257812,6.55062097469942,11.9564691017044,0.783237391488874
2020-09-23,20450,702,4644,17858,681.714285714286,4406.28571428571,855.714285714286,6.85714285714278,70.1428571428578,NA,115331.627144658,212253.163941195,7112.76326945357,559.056277056268,149688.837344135,57148.2306561032,313630.848333146,105328.637745255,24.2436571282993,9.18292597976127,9318.53624433262,3529.64192318749,3.43276283618582,8.63804214032293,0.330737119280111,0.607392856157304,12.0306869959982,0.786627304675726,2.19163838083649,3.23842241904892,1.08757994838502,6.53838105506033,12.0306869959982,0.786627304675726
2020-09-24,21200,709,4818,18719.4285714286,688.285714285714,4490.71428571429,861.428571428572,6.57142857142867,84.4285714285706,NA,121731.573112767,219369.252766447,7116.08882525179,709.57142857142,157801.082096603,60323.2081397405,322953.741437262,108859.929944252,24.3941459070766,9.23992758265404,9322.89310411602,3531.29219899714,3.34433962264151,8.20657820777053,0.323199350437157,0.596920791653042,12.1053656380981,0.746929420224475,2.2651161707609,3.33468675720068,1.12404261105428,6.17011049044354,12.1053656380981,0.746929420224475
2020-09-25,22127,718,4945,19578.8571428571,695.285714285714,4591.42857142857,859.428571428569,7,100.714285714286,NA,127963.260454091,226425.022358853,7055.76959240634,817.082251082262,165651.43726209,63414.8327924706,332197.609423262,112361.289290859,24.5455689162907,9.2972830500197,9243.86798599997,3501.35934660766,3.24490441542008,7.75728789786583,0.317102762106419,0.586225041454543,12.1805078832721,0.706017700611499,2.33797112923559,3.43013511466835,1.16019619947029,5.79617055130814,12.1805078832721,0.706017700611499
2020-09-26,23077,730,5099,20458.4285714286,703.142857142857,4693.85714285714,879.571428571431,7.85714285714278,102.428571428572,NA,134228.903952006,233601.613908716,7176.5915498625,903.090909090912,173513.277198276,66523.1639375152,341599.768040767,115922.60539831,24.6979319451957,9.35499457469115,9402.15861750481,3561.31610745056,3.16332278892404,7.55742537771772,0.312497840997478,0.577309622012695,12.2561166043828,0.687377239769289,2.4120736452698,3.52721791572636,1.19696887660005,5.60832189207715,12.2561166043828,0.687377239769289
2020-09-27,24014,736,5141,21319,710.714285714286,4801,860.571428571428,7.57142857142856,107.142857142857,NA,140210.483381869,240579.86433425,6978.2504255347,989.099567099562,180969.604493496,69490.9627523347,350742.077020969,119385.496586921,24.8512408187034,9.41306436300782,9142.30898020172,3462.89118861119,3.06487882068793,7.31563855598853,0.305927514772157,0.564184689161876,12.3321946919881,0.641136476839929,2.48412817289007,3.62161761690597,1.2327252587274,5.19876883449023,12.3321946919881,0.641136476839929
2020-09-28,24716,749,5152,22154.7142857143,719.714285714286,4908.28571428571,835.714285714286,9,107.285714285715,NA,145990.269729681,247314.745920157,6734.88158590699,946.095238095237,188178.636463899,72357.7600591973,359565.544888807,122727.618276168,25.0055013976034,9.47149463489863,8823.4678678381,3342.1216892471,3.03042563521605,7.06225380938363,0.302852948461798,0.556218293792909,12.4087450544498,0.596056182792912,2.55366977453212,3.71272509663517,1.26723462495579,4.80340800734867,12.4087450544498,0.596056182792912
2020-09-29,25567,757,5173,23021.5714285714,728.714285714286,4996,866.857142857141,9,87.7142857142853,NA,151891.926271639,254257.50635822,6942.76043806225,1032.1038961039,195514.064871794,75285.322167022,368661.357912087,126172.897892049,25.1607195787968,9.53028762397072,9095.81302327965,3445.27961588051,2.96084796808386,6.67993661851944,0.297729656379731,0.543937909337325,12.4857706180495,0.593791120644424,2.62535784722076,3.8066446997948,1.30280915726745,4.75563231091882,12.4857706180495,0.593791120644424
2020-09-30,26461,765,5890,23880.2857142857,737.714285714286,5174,858.714285714286,9,178,NA,157685.937675551,261092.621658235,6835.11530001523,1032.10389610389,202708.465793968,78159.4663867932,377616.143449646,129564.759619876,25.3169012955135,9.58944557759181,8954.78553755907,3391.86172782711,2.89104720154189,6.23859861069163,0.292999470893272,0.530625545170177,12.5632743270969,0.565358970561688,2.69593442073703,3.89910811146724,1.33783211856123,4.49998592274845,12.5632743270969,0.565358970561688
2020-10-01,27309,781,6118,24753,748,5359.71428571429,872.714285714286,10.2857142857143,185.714285714285,NA,163590.24984843,267996.3191125,6903.69745426491,989.099567099591,210064.405854357,81087.5547045917,386660.77948073,132990.65459718,25.4740525175402,9.64897075697641,9044.6360310844,3425.8949773044,2.85986304881175,6.07685433422699,0.291421913027153,0.523725591895997,12.6412591440425,0.553464285507439,2.76721914521182,3.99249928217277,1.37320649311263,4.37813133880697,12.6412591440425,0.553464285507439
2020-10-02,28631,798,6349,25682.1428571429,759.428571428571,5560.28571428571,929.142857142859,11.4285714285714,200.571428571429,NA,169829.95360011,275301.057496214,7304.73838371394,1053.60606060606,217835.15116585,84181.7181130512,396230.825158524,136615.562366542,25.6321792514585,9.70886543727601,9570.04567779391,3624.9077693618,2.78718871153645,5.77380499831652,0.289864487720312,0.516892197637469,12.7197280495959,0.567983517736133,2.84264485244958,4.09131561557557,1.41063579144114,4.46526513070426,12.7197280495959,0.567983517736133
2020-10-03,29717,812,6824,26630.7142857143,771.142857142857,5806.71428571429,948.571428571428,11.7142857142857,246.428571428571,NA,176047.09652009,282712.533749527,7411.47625331342,1182.61904761902,225526.526546058,87264.9737833314,405940.709696241,140293.437800517,25.7912875408672,9.76913190766347,9709.88453771739,3677.87543397507,2.73244270956018,5.55618457484586,0.28721754540936,0.507206882118516,12.7986840428363,0.558555811713453,2.91917269078098,4.19157586720719,1.4486120119665,4.36405716200386,12.7986840428363,0.558555811713453
2020-10-04,30575,822,7470,27568,783.428571428571,6139.42857142857,937.285714285714,12.2857142857143,332.714285714286,NA,182173.315689956,289990.653352294,7278.11960276682,1139.61471861471,233115.592338557,90302.677603394,415475.881715847,143905.136250011,25.9513834666127,9.8297724714201,9535.17201960529,3611.69844949333,2.68847097301717,5.41790160047421,0.283457411643332,0.49525144727979,12.8781301413266,0.532419708095198,2.99432354349647,4.29003210963962,1.48590491632156,4.13418894524981,12.8781301413266,0.532419708095198
2020-10-05,31480,833,8165,28534.2857142857,795.428571428571,6569.85714285714,966.285714285714,12,430.428571428572,NA,188263.698469043,297447.672495017,7457.01914272335,1354.63636363637,240574.450980856,93323.4615388807,425245.432665837,147605.611914821,26.1124731470248,9.89078944602501,9769.55094999069,3700.47566481007,2.64612452350699,5.243431584895,0.280049258080496,0.483986614932803,12.9580693812303,0.530434711294142,3.07132163886692,4.39090845196576,1.52411449748283,4.09336521898442,12.9580693812303,0.530434711294142
2020-10-06,32298,853,8723,29495.8571428571,809.142857142857,7077,961.571428571428,13.7142857142857,507.142857142857,NA,194270.207453029,304822.532128354,7374.85963333643,1354.63636363637,247923.956950355,96301.7603042958,434907.345228744,151265.316695273,26.2745627381587,9.95218516324685,9661.91256290616,3659.70478045265,2.6410304043594,5.0223006464084,0.279834956439776,0.477915676592062,13.0385048174321,0.510771028298014,3.14747138912544,4.49067336482717,1.56190309535548,3.91730306655433,13.0385048174321,0.510771028298014
2020-10-07,33114,877,9149,30446.2857142857,825.142857142857,7542.57142857143,950.428571428572,16,465.571428571428,NA,200144.000774938,312066.961813899,7244.42968554486,1354.63636363635,255100.299003976,99213.048719679,444398.379590057,154860.29683998,26.4376584340267,10.0139619692315,9491.03436131292,3594.9801447065,2.64842664733949,4.87673083417764,0.281029428716969,0.474862614719088,13.1194395236524,0.489243100069591,3.22227437369018,4.58867386005585,1.59902337341017,3.72904820585855,13.1194395236524,0.489243100069591
2020-10-08,34046,898,9187,31408.7142857143,841.857142857143,7981,962.428571428572,16.7142857142858,438.428571428572,NA,205869.772025433,319357.603194264,7290.64138036559,1548.15584415586,262008.084780621,102051.170435822,453949.956575493,158478.209103921,26.6017664668363,10.0761222245923,9551.57698543608,3617.91226394085,2.63760794219585,4.67958389581514,0.281189485084452,0.468789374328554,13.2008765925654,0.480880855980844,3.29755452110203,4.68729949338019,1.63638043904311,3.64269793355632,13.2008765925654,0.480880855980844
2020-10-09,35222,913,9202,32350.2857142857,858.285714285714,8388.57142857143,941.571428571428,16.4285714285714,407.571428571429,NA,211221.811785796,326446.244686229,7088.6414919651,1720.17316017317,268359.615797484,104704.551068784,463236.890522759,161995.880821738,26.7668931072307,10.1386683045011,9286.93394726614,3517.67171781723,2.59212991880075,4.54937832230316,0.279678512116918,0.460122160059089,13.282819135919,0.457374950010874,3.37074890121542,4.78319253215139,1.67270246225727,3.44326484758985,13.282819135919,0.457374950010874
2020-10-10,36596,933,9683,33333,875.571428571429,8797,982.714285714286,17.2857142857142,408.428571428571,NA,216794.093904982,333798.990008878,7352.74532264849,1763.17748917747,274983.321643003,107466.937039851,472869.830800513,165644.611583353,26.9330446645317,10.2016025987804,9632.94027775375,3648.73076161506,2.54945895726309,4.49034016396445,0.279509533559459,0.454810460028766,13.3652702846548,0.465264934015159,3.44667030824847,4.88265828917953,1.71037774695037,3.48105399744655,13.3652702846548,0.465264934015159
2020-10-11,37664,954,10848,34345.7142857143,894.428571428571,9279.57142857143,1012.71428571428,18.8571428571429,482.571428571429,NA,222456.514070468,341329.453464407,7530.46345552977,1849.18614718616,281692.338493524,110273.549409835,482735.602229788,169381.533298127,27.1002274869834,10.2649275119953,9865.77142927563,3736.92171477416,2.53292268479184,4.37373384561649,0.279495364468885,0.449463264662715,13.4482331890293,0.467144703893587,3.52442675921566,4.98452816437702,1.74896365494913,3.47355563054697,13.4482331890293,0.467144703893587
2020-10-12,38837,968,11037,35396.7142857143,913.714285714286,9689.85714285714,1051,19.2857142857142,410.285714285714,NA,228397.987455855,349096.394382262,7766.9409178549,1806.18181818182,288783.713748737,113218.279489372,492911.186276209,173235.804731047,27.2684479619963,10.3286454635464,10175.5840464209,3854.27143292045,2.49246852228545,4.3099730458221,0.277287309630599,0.441265121612366,13.531711018735,0.472465007695513,3.6046249786494,5.08959703651756,1.78876126760045,3.49144233888091,13.531711018735,0.472465007695513
2020-10-13,39862,996,11753,36477.2857142857,934.142857142857,10122.7142857143,1080.57142857143,20.4285714285714,432.857142857143,NA,234249.563523244,357032.606813287,7936.21243102493,2064.20779220777,295657.865103206,116118.686732265,503308.535432876,177174.075561481,27.4377125163969,10.3927588877642,10397.3491566674,3938.27083043341,2.4986202398274,4.2217329829749,0.278966117097777,0.439880711779935,13.615706963024,0.47312225566893,3.68657102571574,5.19695576346226,1.82942622328751,3.47472958033785,13.615706963024,0.47312225566893
2020-10-14,40782,1023,12164,37572.7142857143,955,10553.4285714286,1095.42857142857,20.8571428571429,430.714285714284,NA,239816.162077371,365028.304934514,7995.6981212268,2408.24242424243,302025.726096036,118878.612115731,513783.817671128,181141.865606601,27.6080276166784,10.457270234004,10475.2822382514,3967.79004512011,2.50845961453582,4.13831953893487,0.280252239667695,0.437925056630712,13.7002242308329,0.467646361850395,3.76913129741524,5.30511919517349,1.87039598217598,3.41332466151358,13.7002242308329,0.467646361850395
2020-10-15,41732,1052,12628,38670.7142857143,977,11045,1098,22,491.571428571429,NA,245243.434648367,372993.330752263,7965.02581774851,2515.75324675324,308169.824096344,121569.182392637,524218.915671435,185094.434809393,27.7793997692505,10.5221819667402,10435.0980003073,3952.56920279248,2.5208473114157,4.0684600649621,0.282042576439182,0.437276828179768,13.7852660509062,0.457863794688511,3.85137485959539,5.41286770106431,1.91120857694207,3.32130484816064,13.7852660509062,0.457863794688511
2020-10-16,43025,1085,13134,39785.4285714286,1001.57142857143,11606.7142857143,1114.71428571429,24.5714285714286,561.714285714286,NA,250782.503111488,381029.719561704,8036.38880944136,2472.74891774893,314477.818736798,124313.791017731,534747.507381487,189082.417226109,27.9518355206902,10.5874965656622,10528.5917100514,3987.98241671524,2.52178965717606,4.05232007028414,0.284754690854054,0.438712215061483,13.8708356719215,0.454546911801746,3.93435528651131,5.52158158433202,1.95238683390787,3.27690273175469,13.8708356719215,0.454546911801746
2020-10-17,44816,1109,13580,40959.7142857143,1026.71428571429,12163.4285714286,1174.28571428571,25.1428571428572,556.714285714284,NA,256569.233575656,389443.354787777,8413.63522607321,2601.76190476189,321060.554975682,127181.44351445,545770.335195462,193257.604631529,28.1253414579996,10.6532165257709,11022.8278139756,4175.1874054198,2.47456265619422,4.01577926903542,0.284765418735759,0.436171980086026,13.9569363626163,0.468262297750974,4.02123100389251,5.63539874518789,1.99549809215719,3.35495304564085,13.9569363626163,0.468262297750974
2020-10-18,46290,1142,14088,42192,1053.57142857143,12626.2857142857,1232.28571428572,26.8571428571429,462.857142857143,NA,262478.822431274,398218.086500538,8774.73171276116,2838.28571428571,327713.295796596,130109.991367614,557266.240851541,197611.982774703,28.2999242088624,10.7193443574768,11495.9056560786,4354.37814317472,2.46705551955066,3.98160095450447,0.286777531888536,0.437392674196231,14.0435714119167,0.480307750683506,4.11183525424215,5.7541007121716,2.04045959984949,3.42002491509712,14.0435714119167,0.480307750683506
2020-10-19,47768,1173,14312,43467.8571428571,1082.85714285714,13094.1428571429,1275.85714285714,29.2857142857142,467.857142857143,NA,268575.689702769,407247.031694111,9028.94519357273,2902.7922077922,334587.195344618,133130.466855724,569095.195344618,202092.511968506,28.4755904419008,10.7858825866968,11828.9544930776,4480.529193803,2.45561882431753,3.96520247118951,0.288031565293533,0.437692578720679,14.1307441290635,0.486094438114042,4.20506440784942,5.87624160369386,2.08672369111324,3.43987568594674,14.1307441290635,0.486094438114042
2020-10-20,48757,1211,14637,44738.5714285714,1113.57142857143,13506.1428571429,1270.71428571428,30.7142857142858,412,NA,274407.241205343,416184.107006209,8937.07531209808,3074.80952380953,341047.408796296,136019.13795582,580803.789748677,206527.451597066,28.652346866938,10.8528337549539,11708.5944040583,4434.93962855995,2.48374592366224,3.88939062055614,0.290976993021488,0.439882073470297,14.2184578437437,0.473144931630255,4.29734495105888,5.99713970671903,2.1325170433826,3.32758162959153,14.2184578437437,0.473144931630255
2020-10-21,50180,1259,14905,46081.1428571429,1147.28571428571,13897.7142857143,1342.57142857143,33.7142857142856,391.571428571429,NA,280618.415057704,425568.3111616,9384.20415539062,3139.31601731604,347980.950813057,139094.897697808,593098.174256281,211184.274711771,28.8302002352615,10.9202004194766,12294.3845076041,4656.82311470513,2.5089677162216,3.86070503175191,0.29583969646695,0.445328681860079,14.30671590622,0.489277135939388,4.39424236176724,6.1240864360648,2.18060147275668,3.41980922739873,14.30671590622,0.489277135939388
2020-10-22,52212,1305,15254,47578.2857142857,1183.42857142857,14272.8571428571,1497.14285714286,36.1428571428571,375.142857142857,NA,287670.998619468,435968.37091384,10400.0597522407,3311.33333333331,355951.054248328,142587.551409446,606723.446189719,216345.206618898,29.0091573398863,10.987985153299,13625.2719334387,5160.931907127,2.49942541944381,3.87057586730522,0.299333641398014,0.450014503886312,14.3955216874624,0.533531746256292,4.5016290772007,6.26477535850146,2.23389112101689,3.7061216207433,14.3955216874624,0.533531746256292
2020-10-23,54278,1352,15655,49185.8571428571,1221.57142857143,14633,1607.57142857143,38.1428571428573,360.142857142857,NA,295032.756883037,447066.644328924,11098.2734150836,3698.3722943723,364177.128488031,146233.918023591,621263.458158361,221852.620494053,29.1892250158228,11.0561905453618,14540.0119686415,5507.41387515428,2.49088028298758,3.88046832455981,0.302415762202398,0.454533729801718,14.4848785792805,0.558840002046373,4.61622525812855,6.41490950819605,2.29075839877056,3.85797437640367,14.4848785792805,0.558840002046373
2020-10-24,56098,1390,16007,50797.5714285714,1261.71428571429,14979.7142857143,1611.71428571428,40.1428571428571,346.714285714286,NA,302266.466408794,458124.877664206,11058.2333352815,3784.38095238098,372202.796909679,149816.021998779,635751.013026896,227340.164855922,29.3704101403447,11.1248192006143,14487.5548685347,5487.54436186899,2.47780669542586,3.90647806586874,0.303410722222083,0.456003035699048,14.5747899944568,0.54630000907555,4.73040800175334,6.56450200757171,2.34742051214828,3.74813747873611,14.5747899944568,0.54630000907555
2020-10-25,59247,1425,16242,52648.5714285714,1302.14285714286,15287.4285714286,1851,40.4285714285713,307.714285714284,NA,310805.296533731,470746.543286977,12621.6656227718,4042.40692640693,381838.609201418,154046.499461422,652286.843633652,233603.547796545,29.5527196332613,11.1938737401172,16535.8306067567,6263.38294062356,2.40518507266191,3.93230312599764,0.302710666774092,0.456632766159271,14.6652593668816,0.612392604480652,4.86073410052761,6.73524415503303,2.41209361379566,4.17567511630677,14.6652593668816,0.612392604480652
2020-10-26,61563,1472,16491,54619.2857142857,1344.85714285714,15598.7142857143,1970.71428571429,42.7142857142858,311.285714285716,NA,319709.71805696,484101.622818865,13355.0795318872,4407.94372294375,391812.710125487,158458.470185086,669783.530638307,240230.880496579,29.7361604571942,11.2633568011475,17496.6870046549,6627.33270003425,2.39104657018014,3.9501179077047,0.304068387837397,0.46092530294467,14.7562901516904,0.634086972769921,4.99863312798012,6.91590770823927,2.48052471012547,4.29692790979764,14.7562901516904,0.634086972769921
2020-10-27,63642,1535,16646,56745.7142857143,1391.14285714286,15885.7142857143,2126.42857142857,46.2857142857142,287,NA,329361.89021593,498423.046060086,14321.4232412215,4622.96536796537,402684.388996617,163240.425649581,688546.238813467,247337.752180193,29.9207396178474,11.3332710373007,18762.7081751592,7106.87168361363,2.41192922912542,3.94964186344574,0.307971313151309,0.470215242168094,14.847885825398,0.665133204926998,5.14651022088583,7.1096436724132,2.55390732765763,4.47950826401528,14.847885825398,0.665133204926998
2020-10-28,65933,1578,17098,58996.1428571429,1436.71428571429,16199,2250.42857142857,45.5714285714287,313.285714285714,NA,339304.867249088,513486.105344326,15063.0592842398,5074.51082251078,413762.17972123,168168.561406099,708280.575325625,254812.653779891,30.1064641642842,11.4036191185959,19734.3365121587,7474.90159969797,2.39333869230886,3.92587792576862,0.307311139206357,0.472739596952655,14.9400498860358,0.683290900752381,5.30204514082371,7.31341226891983,2.63109006988244,4.57340686087406,14.9400498860358,0.683290900752381
2020-10-29,68127,1634,17469,61269.7142857143,1483.71428571429,16515.4285714286,2273.57142857143,47,316.428571428572,NA,348941.905416662,528610.191130947,15124.0857866216,5440.0476190476,424298.211545517,172945.381635336,728094.863560169,262317.839207839,30.2933411892154,11.4744037315847,19814.2882345436,7505.18542794752,2.39846169653735,3.93934336691346,0.309112466504685,0.478716378975009,15.0327858532949,0.670088785951902,5.45821019518402,7.51800641384299,2.70858551039207,4.45737366199312,15.0327858532949,0.670088785951902
2020-10-30,71413,1699,17953,63717.5714285714,1533.28571428571,16843.7142857143,2447.85714285714,49.5714285714284,328.285714285714,NA,359334.261499468,544793.196564403,16183.0054334558,5741.07792207797,435708.157702366,178096.73341864,749296.458068667,270348.503558275,30.4813778292703,11.5456275794543,21201.5945084976,8030.66435043677,2.37911864786523,3.9480024571561,0.311861456918754,0.486685061014863,15.1260972686605,0.701531000853574,5.62530921583783,7.73692530954731,2.79150682891201,4.63773630574182,15.1260972686605,0.701531000853574
2020-10-31,75321,1750,19032,66463.7142857143,1584.71428571429,17275.8571428571,2746.14285714286,51.4285714285716,432.142857142855,NA,371283.727838506,562836.199699978,18043.003135575,6042.10822510821,449042.236672966,184020.858497734,772934.863046592,279302.174287207,30.6705812652824,11.617293382135,23638.4049779259,8953.67072893196,2.32338922743989,3.97550119340295,0.31092527469499,0.490151310161756,15.2199876955537,0.764255385618204,5.81161380345017,7.9810057022699,2.88395872953167,5.0212309453274,15.2199876955537,0.764255385618204
2020-11-01,79199,1819,20078,69314,1641,17823.8571428571,2850.28571428571,56.2857142857142,548,NA,383754.057181645,581447.927311515,18611.7276115369,6085.11255411251,463043.578480112,190201.154047175,797318.362362896,288538.06919218,30.8609587225915,11.6894038764153,24383.4993163039,9235.89490497322,2.29674617103751,4.02383404443137,0.312839708348544,0.498317520973155,15.3144607194815,0.767708868644634,6.0037908047712,8.23277963095215,2.9793247602624,5.01280455243442,15.3144607194815,0.767708868644634
2020-11-02,82780,1889,20476,72345,1700.57142857143,18393.1428571429,3031,59.5714285714287,569.285714285717,NA,396934.99738949,601117.586134079,19669.6588225637,6429.14718614722,477843.851010777,196733.579800155,823087.872988799,298298.952517663,31.0525174713129,11.7619618160436,25769.5106259028,9760.88332548272,2.28195216235806,4.07498185701962,0.314248001318441,0.506443371571877,15.4095199481703,0.789854484225852,6.20689156620641,8.49886493914924,3.08011160428288,5.12558980275571,15.4095199481703,0.789854484225852
2020-11-03,86769,1973,20856,75648.8571428571,1763.14285714286,18994.5714285714,3303.85714285714,62.5714285714284,601.428571428569,NA,411213.826111241,622425.687583102,21308.1014490237,6966.70129870129,493875.491945783,203811.110272173,851003.931506222,308872.89759763,31.245264826622,11.8349699718359,27916.058517423,10573.9450799666,2.27385356521338,4.09794969702001,0.316985632077818,0.517807377930921,15.5051690117072,0.832369288423689,6.42691020852627,8.78711461304062,3.18929378768973,5.36815891497601,15.5051690117072,0.832369288423689
2020-11-04,90988,2063,21232,79228.1428571429,1832.42857142857,19585.1428571429,3579.28571428571,69.2857142857142,590.571428571431,NA,427227.41320718,645367.750869517,22942.0632864147,6859.19047619053,512223.53203607,211745.756070587,881060.667567206,320257.680882618,31.4392081490514,11.9084311317885,30056.7360609839,11384.7832849877,2.26733195586231,4.08878206762891,0.319662703508268,0.529730440804211,15.6014115626872,0.870448096554668,6.66380046495617,9.09746803784127,3.30684835103088,5.5791079554335,15.6014115626872,0.870448096554668
2020-11-05,94916,2147,22823,83055.1428571429,1905.71428571429,20350,3827,73.2857142857144,764.857142857141,NA,444458.426918125,669746.262415961,24378.5115464438,7074.2121212121,532084.612419251,220283.243003409,912999.315715954,332355.288116191,31.6343548448094,11.9823481011986,31938.648148748,12097.6072335737,2.26200008428505,4.11690275591766,0.320569164843888,0.539151804697625,15.6982512763716,0.895805213614404,6.91552289198983,9.42725330848261,3.43176323963405,5.70621425330254,15.6982512763716,0.895805213614404
2020-11-06,99625,2250,23213,87085.4285714286,1984.42857142857,21101.4285714286,4030.28571428571,78.7142857142856,751.428571428572,NA,462433.556123721,695261.356989522,25515.0945735612,7461.25108225108,552772.549216106,229188.550944317,946427.018080575,345016.913994801,31.8307123660519,12.0567237027671,33427.7023646212,12661.6258786093,2.25846925972396,4.15430533291863,0.323619309110244,0.552490214757417,15.7956918508227,0.906815479840188,7.17898120525946,9.77241393706942,3.56250195148214,5.74071567288821,15.7956918508227,0.906815479840188
2020-11-07,104943,2357,24847,91317.1428571429,2071.14285714286,21932.1428571429,4231.71428571429,86.714285714286,830.714285714286,NA,481231.105449111,721886.399821406,26625.0428318833,7740.77922077919,574432.312291397,238498.882618141,981308.880056965,358229.341264758,32.0282882111791,12.1315607767115,34881.8619763894,13212.4272699571,2.24598115167281,4.24788821531853,0.326505666346273,0.566335898060816,15.8937370070513,0.915126698792571,7.45390038515889,10.1325896163525,3.69892801068035,5.75759316755982,15.8937370070513,0.915126698792571
2020-11-08,109616,2438,25070,95662.4285714286,2159.57142857143,22645.2857142857,4345.28571428571,88.4285714285711,713.142857142855,NA,499841.782134337,749057.357891913,27170.9580705072,8471.85281385281,595565.008597963,247718.063744429,1016905.95365291,371712.6738411,32.2270899251571,12.206862180887,35597.0735959434,13483.3325763419,2.22412786454532,4.30364971815749,0.325475742853833,0.572881000783497,15.9923904891757,0.902981519311901,7.73445646001636,10.5001502750004,3.83815132602316,5.64613504049156,15.9923904891757,0.902981519311901
2020-11-09,114778,2493,26161,100233.571428571,2245.85714285714,23457.4285714286,4571.14285714287,86.2857142857142,812.142857142859,NA,519196.007559822,777464.271629086,28406.9137371737,8966.40259740263,617479.886412559,257308.958638709,1054122.27102794,385809.3378009,32.4271250997996,12.2826307908937,37216.3173750358,14096.6639598005,2.17201902803673,4.30141948758359,0.320657821969903,0.571830473567241,16.0916560645622,0.914547883662556,8.02777450188428,10.8844305751759,3.9837076475516,5.68318110900522,16.0916560645622,0.914547883662556
2020-11-10,118918,2596,27585,104826.285714286,2334.85714285714,24418.7142857143,4592.71428571428,89,961.285714285714,NA,538053.964810494,805829.176931706,28364.9053026201,9417.94805194804,638570.783301463,266653.729046669,1091283.55253223,399885.155469869,32.6284013740749,12.3588695001928,37161.2815042881,14075.8176689693,2.18301686876671,4.30166392066241,0.32215264404853,0.580674052276202,16.191537523977,0.88461090163766,8.3206587820321,11.2681425977134,4.12904871890315,5.46323640582924,16.191537523977,0.88461090163766
2020-11-11,122863,2697,28808,109379.857142857,2425.42857142857,25501,4553.57142857143,90.5714285714289,1082.28571428571,NA,555484.515935399,833778.849268732,27949.6723370259,10428.5497835497,657401.208482959,275292.753342808,1127900.83119358,413754.917682228,32.8309264344414,12.4355812202337,36617.2786613498,13869.7622123587,2.19512790669282,4.32355622558482,0.323467068319784,0.58870411354889,16.2920386817529,0.846331523153109,8.60925553832168,11.6462374718998,4.27226214683632,5.1945853325084,16.2920386817529,0.846331523153109
2020-11-12,126790,2784,29302,113933.285714286,2516.42857142857,26426.5714285714,4553.42857142857,91,925.571428571428,NA,572139.292976385,861555.236699328,27776.387430596,11030.6103896105,674982.540951335,283548.606181622,1164291.08673888,427538.688888389,33.0347080151293,12.5127688805603,36390.2555452993,13783.7712061605,2.19575676315167,4.24735188520697,0.323136565296228,0.591401050034437,16.3931633759288,0.819748801158232,8.89606302633983,12.0219881992888,4.41458766720623,5.00038914384903,16.3931633759288,0.819748801158232
2020-11-13,131887,2883,29802,118542.142857143,2606.85714285714,27367.8571428571,4608.85714285714,90.4285714285711,941.285714285714,NA,588142.249435662,889496.314370727,27941.0776713982,11847.6926406926,691393.695145403,291484.021739286,1200897.10540181,441404.186078707,33.2397538984426,12.5904354289262,36606.0186629321,13865.4971903179,2.18596222523827,4.23445436846343,0.324116014133187,0.59553611558099,16.4949154684001,0.805574516593962,9.18457103766698,12.3999668073887,4.55775705628587,4.8836145348527,16.4949154684001,0.805574516593962
2020-11-14,136723,2990,31126,123082.142857143,2697.28571428571,28264.8571428571,4540,90.4285714285716,897,NA,602353.855624842,916850.16298415,27353.8486134232,13051.8138528139,704992.229823526,298534.526636603,1236733.78660008,454978.276368074,33.446071915081,12.6685838314158,35836.6811982696,13574.0902893678,2.1869034471157,4.23821645184896,0.326116536890629,0.599892004118836,16.5972988450778,0.771947491009467,9.46701556462526,12.7700015550342,4.69791749823509,4.6508899232575,16.5972988450778,0.771947491009467
2020-11-15,140961,3097,31599,127560,2791.42857142857,29197.5714285714,4477.85714285714,94.1428571428573,932.714285714286,NA,615762.879132897,943663.169176187,26813.0061920374,13309.8398268398,717440.638415345,305185.749902684,1271861.90215161,468283.978688935,33.6536699444776,12.7472170725726,35128.1155515257,13305.7023208607,2.19706159859819,4.23373511205098,0.328189135823078,0.603132191458863,16.7003174160566,0.743417684678162,9.74387557643812,13.1327199468811,4.83530667702944,4.45137122335231,16.7003174160566,0.743417684678162
2020-11-16,147456,3190,34010,132228.285714286,2891,30318.8571428571,4668.28571428571,99.5714285714284,1121.28571428571,NA,630456.841974014,971444.010805183,27780.8416289954,12987.3073593073,731698.901632946,312470.798057996,1308257.99320804,482069.960249188,33.8625559150968,12.8263381555122,36396.0910564291,13785.9815602534,2.16335720486111,4.24354514362881,0.328377133887105,0.603469258353699,16.8039751157623,0.758155582867616,10.0307290566666,13.5085309293445,4.97765502060149,4.5116135724381,16.8039751157623,0.758155582867616
2020-11-17,152659,3281,34185,137048.428571429,2988.85714285714,31261.7142857143,4820.14285714287,97.8571428571427,942.857142857145,NA,645470.731589985,999951.606048859,28507.5952436769,13395.8484848485,746217.753373766,319916.837802979,1345606.21491223,496216.586460336,34.0727378047527,12.9059501020425,37348.2217041894,14146.6262111479,2.1492345685482,4.18531239810279,0.328115878823808,0.602246874720678,16.9082759031104,0.764573074691713,10.3250866941278,13.8941732190659,5.12372723167246,4.52173619916904,16.9082759031104,0.764573074691713
2020-11-18,156949,3380,34846,141917.857142857,3086.42857142857,32124.2857142857,4869.42857142855,97.5714285714289,862.571428571428,NA,660362.221639038,1028573.03982086,28621.4337719969,13632.3722943724,760484.673392331,327303.073466419,1383103.57815424,510419.703971252,34.284223640945,12.9860559527912,37497.3632420085,14203.1175109157,2.15356580800133,4.09769993949705,0.328610596345077,0.600529959125181,17.013223761672,0.754424754795584,10.6206197811477,14.2813554826203,5.27038274853947,4.43419544391948,17.013223761672,0.754424754795584
2020-11-19,161461,3472,36345,146870.857142857,3184.71428571429,33130.4285714286,4953,98.2857142857142,1006.14285714286,NA,675500.121558699,1057506.10424268,28933.064421825,13696.8787878788,775049.689505137,334811.443781008,1421009.21331466,524777.465263286,34.4970215011739,13.066658767325,37905.6351604259,14357.7612920335,2.15036448430271,4.0211546682588,0.328319617832034,0.597129998563027,17.1188226998307,0.750067972600424,10.9193706373642,14.6727533931391,5.41863505312809,4.38139304062735,17.1188226998307,0.750067972600424
2020-11-20,165901,3568,38074,151730,3282.57142857143,34312.1428571429,4859.14285714287,97.8571428571427,1181.71428571428,NA,690001.096497464,1085715.80645417,28209.7022114927,13610.8701298701,788813.395388504,342003.674094338,1457967.16095627,538776.264856959,34.7111395132698,13.1477616242745,36957.9476416085,13998.799593673,2.15068022495344,3.96541607703724,0.328631118639848,0.593561073956695,17.2250767509459,0.719364113701032,11.2106523545866,15.0543658743115,5.56318086768957,4.17612096743958,17.2250767509459,0.719364113701032
2020-11-21,170298,3689,40820,156526.428571429,3382.42857142857,35697,4796.42857142858,99.8571428571431,1384.85714285714,NA,703964.217286932,1113389.65451637,27673.8480621951,13610.8701298701,801873.070834088,348927.991822302,1494223.0781601,552509.151865266,34.9265858557426,13.2293676214666,36255.9172038252,13732.8870083075,2.16620277396094,3.89819932398503,0.331330544076451,0.592681194493193,17.3319899735264,0.695156759551121,11.4964010634979,15.4287294795501,5.70498097887866,4.01069624420471,17.3319899735264,0.695156759551121
2020-11-22,174618,3800,42915,161334.571428571,3482.85714285714,37313.5714285714,4808.14285714284,100.428571428571,1616.57142857143,NA,717264.1741655,1140959.96637329,27570.3118569232,14169.9264069265,813847.863872247,355524.803936048,1530343.35105173,566190.660004792,35.1433687580992,13.3114798760445,36120.272891639,13681.5081395255,2.17617885899506,3.82782030911455,0.333052877576314,0.588811572143198,17.4395664513876,0.683032459236897,11.7810807003772,15.801692477725,5.84625057311952,3.91643654320652,17.4395664513876,0.683032459236897
2020-11-23,177952,3891,43339,165691.142857143,3583,38646.2857142857,4356.57142857145,100.142857142857,1332.71428571429,NA,727003.889111897,1165786.83283484,24826.8664615485,14987.0086580086,820842.201459629,360357.75807701,1562869.39559882,578510.759151124,35.3614965011738,13.3941015245931,32526.0445470887,12320.0991463324,2.18654468620752,3.7749167685111,0.333765993096548,0.580966288033334,17.5478102938156,0.60740768786673,12.0374326548202,16.1375429606226,5.97346282118897,3.46132810696049,17.5478102938156,0.60740768786673
2020-11-24,181881,4008,44020,169865.714285714,3686.85714285714,40051.2857142857,4174.57142857142,103.857142857143,1405,NA,735814.002767452,1189429.78631724,23642.9534823946,14728.9826839826,826719.609029847,364726.671620368,1593844.37826062,590243.352608553,35.5809774174705,13.4772357232685,30974.9826617935,11732.593457429,2.2036386428489,3.70073489872737,0.336968188127333,0.576473862628382,17.6567256357372,0.574235190920857,12.2815600135186,16.4573778200273,6.094608728513,3.25210825368165,17.6567256357372,0.574235190920857
2020-11-25,185687,4114,44020,173971.142857143,3791.71428571429,41361.8571428571,4105.42857142858,104.857142857143,1310.57142857143,NA,744131.100416955,1212537.71946457,23107.9331473385,14685.9783549784,831968.052913612,368850.282913677,1624118.42287698,601710.447253097,35.80181989151,13.5608856479296,30274.0446163658,11467.0946445439,2.21555628557734,3.61311786942844,0.339288414204272,0.569895762133461,17.7663166378922,0.557962678366505,12.520162973527,16.7699750830898,6.21301320490813,3.14045846646405,17.7663166378922,0.557962678366505
2020-11-26,192047,4229,49616,178340.571428571,3899.85714285714,43257.7142857143,4369.42857142855,108.142857142857,1895.85714285714,NA,753671.653304952,1236979.9043872,24442.1849226293,14793.4891774892,838778.798148899,373579.726989138,1656140.49045659,613839.651801168,36.0240323601701,13.6450544942669,32022.0675796086,12129.2045480716,2.20206511947596,3.55774443772546,0.341881059263856,0.564576257805111,17.8765874870017,0.587205265181683,12.7725428655072,17.1006217082711,6.33825435431184,3.28466111803871,17.8765874870017,0.587205265181683
2020-11-27,198440,4364,52126,182989,4013.57142857143,45265.1428571429,4648.42857142858,113.714285714286,2007.42857142857,NA,764671.444814826,1262822.39286677,25842.4884795714,14728.9826839826,847527.991872317,379030.281959667,1689997.11641444,626663.743828625,36.247623313029,13.7297454779325,33856.6259578511,12824.0920274564,2.19915339649264,3.49681248024136,0.345575120036725,0.561311967539774,17.9875423959392,0.616792053420667,13.0393817128369,17.4502112244746,6.47067062441531,3.42887892442931,17.9875423959392,0.616792053420667
2020-11-28,204708,4516,54021,187904.714285714,4131.71428571429,47151,4915.71428571429,118.142857142857,1885.85714285714,NA,776683.15347117,1289982.25736727,27159.8645004993,15030.012987013,857487.850299614,384981.767887949,1725579.65616042,640141.571325113,36.472601292716,13.8149618346731,35582.5397459783,13477.8274964885,2.20606913261817,3.47442295170982,0.350082334404871,0.560416541033575,18.0991856039042,0.642875037477092,13.3198232400789,17.8176218125991,6.60983709658051,3.5518345407911,18.0991856039042,0.642875037477092
2020-11-29,211527,4672,55637,193177.428571429,4256.28571428571,48968.4285714286,5272.71428571429,124.571428571429,1817.42857142857,NA,790395.18976159,1318934.88673129,28952.6293640132,15116.0216450216,869644.059171798,391774.074833356,1763510.92364066,654509.041535827,36.6989748952646,13.9007068204636,37931.2674802421,14367.4702107135,2.20870148964435,3.46425344838211,0.354225219683028,0.560340431290334,18.2115213765975,0.678898978538896,13.6187761157962,18.2092843918504,6.75818965144772,3.72772722501028,18.2115213765975,0.678898978538896
2020-11-30,217122,4823,63860,198773.142857143,4389.42857142857,51900,5595.71428571429,133.142857142857,2931.57142857143,NA,805725.730693188,1349471.58783604,30536.7011047578,15073.0173160174,883939.986765245,399365.08762648,1803517.50691176,669662.592459992,36.9267527704727,13.9869837116436,40006.5832711027,15153.5509241655,2.22133178581627,3.46196748278931,0.357399151154709,0.559801600008516,18.3245540064,0.707988201586147,13.9340854611205,18.622375823587,6.91465895063123,3.86347253884082,18.3245540064,0.707988201586147
2020-12-01,221073,4977,64802,204372,4527.85714285714,54868.8571428571,5598.85714285713,138.428571428572,2968.85714285714,NA,820320.613860421,1379836.97316778,30365.3853317357,15632.0735930735,897057.518652459,406590.245546203,1843299.64685759,684731.129541906,37.1559436222725,14.0737958050575,39782.1399458218,15068.5370819138,2.25129255947131,3.43313377577558,0.360694784730545,0.559530143024929,18.4382878125563,0.694907314767136,14.2476258706305,19.0331497463787,7.07025043204222,3.76869996513721,18.4382878125563,0.694907314767136
2020-12-02,225209,5142,65888,210018,4674.71428571429,57992.8571428571,5646,146.857142857142,3124,NA,834823.351645945,1410269.15684075,30432.1836729692,15782.5887445888,909998.725205572,413765.934973605,1883169.30029715,699832.814672853,37.3865562090811,14.1611464181872,39869.6534395607,15101.6851309473,2.28321248262725,3.41911330625739,0.364611249920475,0.560833188191176,18.5527271413485,0.688290757376849,14.5618560121837,19.4448272973103,7.22618418649716,3.70979141067243,18.5527271413485,0.688290757376849
2020-12-03,231844,5324,67033,215703.285714286,4831.14285714286,60481,5685.28571428571,156.428571428572,2488.14285714286,NA,848844.698660532,1440724.0709549,30454.9141141542,16277.1385281385,922120.934688729,420699.572267632,1923068.73322353,714945.779571607,37.6185993441614,14.2490388892892,39899.4329263798,15112.9648987532,2.29637169821087,3.42729042582193,0.369536409318912,0.564184358773674,18.6678763662756,0.681039578309381,14.876320858871,19.8568123389056,7.38223441116905,3.64806686996824,18.6678763662756,0.681039578309381
2020-12-04,238056,5513,68525,221362.714285714,4995.28571428571,62823.7142857143,5659.42857142858,164.142857142858,2342.71428571428,NA,861694.235231622,1470853.47332686,30129.4023719563,17115.7229437229,932385.972143558,427050.630157905,1962541.70840729,729897.212327615,37.8520818959933,14.3374765775344,39472.9751837673,14951.4327560082,2.31584165070404,3.38764493427579,0.374816397416555,0.567505686244392,18.7837398882373,0.666743739710326,15.1874246059432,20.264393954238,7.53661672174625,3.54945992117288,18.7837398882373,0.666743739710326
2020-12-05,243581,5706,70396,226916,5165.28571428571,65163,5553.28571428571,170,2339.28571428572,NA,873123.908492491,1500235.43663102,29381.9633041585,17782.2900432901,940534.818925931,432696.374568776,2001035.45262556,744477.735471032,38.0870127886527,14.4264628631527,38493.7442182701,14580.5231434171,2.34254724301157,3.38354483802836,0.380340302640337,0.570627614924916,18.9003221357224,0.644482911983209,15.4908106063496,20.6618644356403,7.68716917307574,3.40978993508767,18.9003221357224,0.644482911983209
2020-12-06,250278,5868,71682,232451.857142857,5336.14285714286,67455.1428571429,5535.85714285713,170.857142857142,2292.14285714286,NA,883312.24769424,1529344.52042151,29109.0837904946,18749.8874458876,946683.382006109,437728.925278989,2039171.69336142,758922.84472045,38.3234010021768,14.5160011475705,38136.2407358561,14445.1092494184,2.34459281279217,3.399921539572,0.383693793101811,0.570499106317429,19.01762756499,0.634050070069657,15.7913789657636,21.0556434839501,7.83632339654434,3.33390066488426,19.01762756499,0.634050070069657
2020-12-07,254148,5984,74283,237741.285714286,5502,68944.1428571429,5289.42857142858,165.857142857143,1489,NA,890748.108032717,1556986.25521886,27641.7347973506,20040.0173160173,948725.318722307,441402.420957159,2075385.53850253,772639.795822895,38.5612555729378,14.6060948535525,36213.8451411065,13716.9511024447,2.35453357885956,3.40763404165712,0.384332230290552,0.565859617830325,19.1356606602549,0.598837603465442,16.0767960863845,21.4295726704705,7.97795896016074,3.12932769465219,19.1356606602549,0.598837603465442
2020-12-08,256367,6120,75281,242783.285714286,5665.28571428571,70441.1428571429,5042,163.285714285715,1497,NA,895935.412015439,1583172.44231847,26186.1870996051,20835.5974025974,947512.866682757,443964.049786394,2109692.44910034,785634.445060293,38.8005855940255,14.6967474253469,34306.9105978122,12994.6492373981,2.38720272109905,3.41485929215961,0.38656559679864,0.56368342098539,19.2544259338773,0.566060069793014,16.3471838235075,21.783811639624,8.1121363334699,2.93979710576531,19.2544259338773,0.566060069793014
2020-12-09,259588,6280,76270,247694.571428571,5827.85714285714,71924.2857142857,4911.28571428571,162.571428571428,1483.14285714286,NA,899018.589592848,1608522.41643267,25349.9741142055,22104.2251082249,943052.85035267,445486.131462831,2142903.82471164,798214.131462831,39.0414002156273,14.7879623288292,33211.3756113048,12579.686402538,2.419218145677,3.42215242859995,0.390420421614488,0.56404332252646,19.3739279265519,0.548192559394197,16.6089371712093,22.126738567631,8.24202897217906,2.82944214217181,19.3739279265519,0.548192559394197
2020-12-10,265003,6451,77362,252431.571428571,5988.85714285714,73399.8571428571,4737,161,1475.57142857143,NA,899612.290599288,1632821.98756898,24299.5711363105,23544.8701298703,934773.615965364,445778.447107273,2174739.0518628,810272.565259797,39.2837086454115,14.8797430516469,31835.2271511555,12058.4337969661,2.43431206439172,3.42969060627034,0.395082871807999,0.565401082432843,19.4941712074974,0.526925755631284,16.8598444922185,22.4554559558271,8.36653937207834,2.7028997417412,19.4941712074974,0.526925755631284
2020-12-11,271200,6622,78700,257166.428571429,6147.28571428571,74853.4285714286,4734.85714285716,158.428571428572,1453.57142857142,NA,898886.638361294,1656960.75091541,24138.7633464218,24705.9870129871,924315.968652989,445421.227629343,2206363.60235262,822251.199702382,39.5275201489102,14.9720931033653,31624.5504898233,11978.6344425853,2.44174041297935,3.45446284070183,0.39964736619993,0.568028374784205,19.6151603746472,0.526339931206584,17.109091378501,22.7819979839563,8.4902257968501,2.68324072477283,19.6151603746472,0.526339931206584
2020-12-12,276247,6784,79769,261833,6301.28571428571,76192.4285714286,4666.57142857142,154,1339,NA,896788.955087358,1680604.64339905,23643.89248364,25587.5757575758,911718.437924444,444388.332170096,2237339.81521382,833984.259130354,39.7728440499181,15.0650160156182,30976.212861198,11733.0594279718,2.45577327536589,3.46451015459873,0.403664242309795,0.570357332399159,19.7369000548466,0.519168020040297,17.3532284329379,23.1018455458913,8.61137651559323,2.63035309176959,19.7369000548466,0.519168020040297
2020-12-13,280400,6965,80752,266136.142857143,6458,77488.1428571429,4303.14285714284,156.714285714285,1295.71428571429,NA,892583.698228318,1702272.68957031,21668.0461712624,25716.5887445885,896310.684387968,442308.637574096,2265727.44262973,844736.823395793,40.0196897308883,15.1585153422576,28387.6274159048,10752.5642654385,2.4839514978602,3.47789559850716,0.40915888756684,0.574415120304511,19.8593949040498,0.47985562427602,17.5769637155828,23.3949644451828,8.72240304683059,2.41618120387663,19.8593949040498,0.47985562427602
2020-12-14,283870,7130,82546,270382.142857143,6621.71428571429,78668.5714285714,4246,163.714285714285,1180.42857142858,NA,888704.404388577,1723521.1230033,21248.4334329867,24964.0129870131,888704.404388577,440384.653950078,2293565.32919779,855281.15878359,40.2680666333277,15.2525946595039,27837.886568069,10544.3353877978,2.51171310811287,3.44796549059047,0.413687996325553,0.576403866765498,19.982649607516,0.475714374339889,17.7963662506484,23.6824069478578,8.83127949280297,2.38055360804399,19.982649607516,0.475714374339889
2020-12-15,285763,7237,83115,274581.571428571,6781.28571428571,79787.7142857143,4199.42857142858,159.571428571429,1119.14285714286,NA,884853.608813792,1744406.87288306,20885.74987976,24576.9740259741,884853.608813792,438475.603944116,2320928.05868444,865645.51586678,40.5179842581843,15.3472575660922,27362.7294866457,10364.3570831893,2.53251820564594,3.4172977798255,0.414868807988534,0.573081380317548,20.1066688800012,0.472550525040423,18.0120238653529,23.9649431750398,8.93829755724278,2.35013462031048,20.1066688800012,0.472550525040423
2020-12-16,288567,7381,83940,278721.428571429,6938.57142857143,80883.4285714286,4139.85714285716,157.285714285714,1095.71428571428,NA,880689.335967385,1764869.3489544,20462.4760713421,24469.4632034631,880689.335967385,436411.785410238,2347736.25090117,875799.827300679,40.7694521662661,15.4425076834314,26808.1922167274,10154.3114338991,2.55781153077102,3.38949695594282,0.418217926690885,0.572178412365445,20.2314574659666,0.467874585326335,18.2233109297819,24.2417534797347,9.04314677718498,2.31252671261335,20.2314574659666,0.467874585326335
2020-12-17,291549,7538,86954,282513.714285714,7093.85714285714,82253.7142857143,3792.28571428568,155.285714285715,1370.28571428572,NA,874929.99508802,1783498.23318326,18628.8842288603,24232.9393939395,874929.99508802,433556.645253131,2372142.2273553,885044.236015752,41.0224799786508,15.5383486557589,24405.9764541336,9244.40871507348,2.58550020751229,3.35364144665085,0.422652507288773,0.57152176925742,20.3570201397816,0.430619787791209,18.4156650832372,24.4937594980454,9.13860071799742,2.11526170103985,20.3570201397816,0.430619787791209
2020-12-18,295977,7725,89814,286053.285714286,7251.42857142857,83841.4285714286,3539.57142857148,157.571428571428,1587.71428571428,NA,868206.750365965,1800778.46032267,17280.2271394166,23845.9004329005,868206.750365965,430220.730041972,2394781.30823129,893619.386325538,41.2770773770838,15.6347841502916,22639.0808759932,8575.15030978562,2.61000010135923,3.33979448025929,0.428981141778861,0.572446287097269,20.4833617059213,0.404569564588559,18.594093561405,24.7275212834218,9.22714417332878,1.97504111602417,20.4833617059213,0.404569564588559
2020-12-19,300022,7914,93323,289449.714285714,7412.85714285714,85777.7142857143,3396.42857142852,161.428571428572,1936.28571428572,NA,861345.116642714,1817257.58850419,16479.1281815115,23179.3333333333,861345.116642714,426811.966583173,2416370.85752698,901796.998806589,41.5332541044072,15.7318178573887,21589.5492956862,8177.61248105078,2.6378065608522,3.35312640750211,0.435491371727557,0.573546016949475,20.6104869991795,0.391214852398162,18.7642502230759,24.9504460397967,9.31158281746623,1.89806496834599,20.6104869991795,0.391214852398162
2020-12-20,302989,8099,97443,292676.714285714,7574.85714285714,88162.1428571429,3227,162,2384.42857142857,NA,853155.74763416,1832818.09395451,15560.50545032,23587.8744588745,853155.74763416,422745.406452182,2436756.90561066,909518.753390958,41.7910199649733,15.8294534907076,20386.0480836839,7721.75458436925,2.6730343345798,3.36347887644683,0.441887824368076,0.574287536582249,20.738400884874,0.37466053532053,18.924921566376,25.1609439404365,9.39131446150991,1.80653551632945,20.738400884874,0.37466053532053
2020-12-21,305130,8282,102962,295713.857142857,7739.42857142857,91078.7142857143,3037.1428571429,164.571428571428,2916.57142857143,NA,842904.385389351,1847372.78365775,14554.6897032431,24641.4805194804,842904.385389351,417657.832491816,2455825.21962403,916741.381363996,42.0503848250326,15.9276947873515,19068.3140133675,7222.627973038,2.71425294136925,3.33820524638488,0.448312331612998,0.574849838839073,20.8671082590387,0.356002685069092,19.0752072722873,25.3578354640941,9.46589233060871,1.70598272866401,20.8671082590387,0.356002685069092
2020-12-22,306368,8462,108676,298657.428571429,7914.42857142857,94730.2857142857,2943.57142857142,175,3651.57142857142,NA,832730.734850616,1861392.05086793,14019.2672101832,24017.9177489179,832730.734850616,412601.481741122,2474192.06871883,923698.310957019,42.3113586131927,16.0265455080431,18366.8490947979,6956.92959302338,2.76203781073741,3.32460789538116,0.454606002859759,0.575312235613801,20.996614048652,0.349231068184605,19.2199644269912,25.5474839511355,9.53772670813098,1.6632096656737,20.996614048652,0.349231068184605
2020-12-23,308262,8616,114631,301471,8090.85714285714,99114.7142857143,2813.57142857142,176.428571428572,4384.42857142858,NA,822197.892063752,1874709.51976938,13317.468901447,23673.8831168828,822197.892063752,407365.014106824,2491639.48148088,930306.979735181,42.5739513208611,16.126009437292,17447.4127620501,6608.66877816152,2.79502501119178,3.32162900343506,0.459591201150987,0.574309857614642,21.1269232118559,0.337885993790785,19.3574751026299,25.7276387188929,9.60596508852312,1.59925271688645,21.1269232118559,0.337885993790785
2020-12-24,311554,8729,120529,304328.857142857,8261,103911.142857143,2857.85714285716,170.142857142857,4796.42857142857,NA,812098.548976066,1888153.17235269,13443.6525833097,23372.8528138533,812098.548976066,402345.825592849,2509252.2093488,936978.26597953,42.8381730026631,16.2260903835534,17612.7278679148,6671.28624434909,2.80176149238976,3.30072958869737,0.462303595270474,0.57076740286055,21.2580407381636,0.347601174426431,19.4962886987767,25.9095004620576,9.67485003097191,1.63508721112937,21.2580407381636,0.347601174426431
2020-12-25,314164,8833,123989,306927,8419.28571428571,108793.285714286,2598.14285714284,158.285714285714,4882.14285714286,NA,800369.92233694,1900299.71887374,12146.5465210478,23716.8874458873,800369.92233694,396525.245026494,2525165.5794009,943005.875531328,43.1040337768355,16.3267921793768,15913.3700521081,6027.6095517982,2.81158885168256,3.31274915178782,0.464821412762988,0.567313935520796,21.3899716486552,0.319942256933633,19.6217089142206,26.0738153392874,9.7370886341245,1.49569858687259,21.3899716486552,0.319942256933633
2020-12-26,315362,8951,126482,309118.428571429,8567.42857142857,113530.285714286,2191.42857142858,148.142857142857,4737,NA,786106.264454224,1910481.64973561,10181.9308618729,24297.4458874459,786106.264454224,389453.731662569,2538505.0774524,948058.563026694,43.3715438257098,16.4281186815895,13339.498051499,5052.68749536551,2.83832547992466,3.34186091479347,0.468520595381731,0.565383767474613,21.5227209962169,0.273813049013913,19.7268433209524,26.2115534788181,9.78926059535982,1.27215311041967,21.5227209962169,0.273813049013913
2020-12-27,316060,9047,130420,310985.714285714,8702.85714285714,118241.285714286,1867.28571428568,135.428571428572,4711,NA,770209.751008995,1919104.01940726,8622.36967165349,24383.4545454546,770209.751008995,381578.62187557,2549801.37134741,952337.332938943,43.6407133961586,16.5300737714654,11296.2938950039,4278.76991224906,2.86243118395241,3.35256527376348,0.47141790692483,0.562441648781254,21.6562938657629,0.237545839519322,19.815874343884,26.3281943373184,9.8334414037319,1.09684530724861,21.6562938657629,0.237545839519322
2020-12-28,316669,9161,134344,312634.142857143,8828.42857142857,122724.428571429,1648.42857142858,125.571428571428,4483.14285714286,NA,752878.513827718,1926668.84716105,7564.82775378763,24770.4935064933,752878.513827718,372997.80492847,2559712.16395153,956091.307613755,43.9115527999989,16.6326613548777,9910.7926041265,3753.97467481194,2.89292605212383,3.33144476531533,0.47548389093947,0.56105319929206,21.7906953744356,0.214032344110975,19.8939856263816,26.4305290825462,9.87220339354274,0.982177613809421,21.7906953744356,0.214032344110975
2020-12-29,317571,9292,138365,314234.571428571,8947,126965.714285714,1600.42857142858,118.571428571429,4241.28571428572,NA,733719.041234554,1933968.09751161,7299.2503505596,26340.1515151516,733719.041234554,363518.523147544,2569275.01967601,959713.491998243,44.1840724144882,16.7358853624869,9562.85572447814,3622.18438448815,2.92595986409338,3.2990412979351,0.480462941035883,0.560785763625754,21.9259306718513,0.212583770000962,19.9693546664589,26.5292711754649,9.90960457132546,0.969512373709458,21.9259306718513,0.212583770000962
2020-12-30,319543,9429,144234,315846.142857143,9063.14285714286,131194.714285714,1611.57142857142,116.142857142857,4229,NA,714352.462175329,1941272.8344697,7304.73695809068,26555.1731601732,714352.462175329,353938.409801291,2578845.06348607,963338.399060153,44.4582826827681,16.8397497499091,9570.04381006351,3624.90706190979,2.95077657780017,3.2808113236136,0.485712251908976,0.561048074991017,22.062004940321,0.219653926501272,20.0447803589763,26.6280874895822,9.94703386234912,0.995576855385918,22.062004940321,0.219653926501272
2020-12-31,322514,9537,150102,317411.857142857,9178.57142857143,135419.428571429,1565.71428571432,115.428571428572,4224.71428571429,NA,695681.064780188,1948325.94356807,7053.10909836506,25609.0779220778,695681.064780188,344700.467162671,2588085.44591952,966838.438161597,44.7341941142394,16.9442584978576,9240.38243344985,3500.03910144418,2.95708093292074,3.27338496026085,0.489497151720642,0.560251013743712,22.1989233950361,0.219189471473903,20.1176078462899,26.7234998566759,9.98317381845964,0.987343009484017,22.1989233950361,0.219189471473903
2021-01-01,325278,9667,157063,318999.571428571,9297.71428571429,140144.285714286,1587.71428571426,119.142857142857,4724.85714285713,NA,678845.623352597,1955434.04326602,7108.0996979503,23824.3982683984,678845.623352597,336365.756164232,2597397.87234993,970365.765831256,45.0118172851087,17.0494156123502,9312.42643040605,3527.32766965963,2.97191940432492,3.27534233477095,0.494365945672804,0.560886656448684,22.3366912843396,0.228235090548682,20.1910031437902,26.8196561202841,10.0195955450387,1.02174689779665,22.3366912843396,0.228235090548682
2021-01-02,326688,9781,164403,320617.571428571,9416.28571428571,145561.571428571,1618,118.571428571428,5417.28571428571,NA,663628.316914951,1962633.05284569,7199.00957967015,22297.7445887444,663628.316914951,328829.207749417,2606829.40115949,973938.206675303,45.2911628388841,17.1552251248969,9431.52880956279,3572.44084404665,2.9939881477128,3.29513817894049,0.498361116756808,0.560706343918178,22.4753138899726,0.238357179810901,20.2653371391278,26.9170421857975,10.0564830915973,1.06047816057451,22.4753138899726,0.238357179810901
2021-01-03,327995,9884,168381,322322.571428571,9535.85714285714,150984.571428571,1705,119.571428571429,5423,NA,650664.005236056,1970172.36454342,7539.31169772893,20384.0519480524,650664.005236056,322403.778108548,2616706.7648016,977679.519247108,45.5722414868227,17.2616910926695,9877.3636421063,3741.31257180544,3.01346057104529,3.30455566397306,0.501681993813298,0.560041456091682,22.6147965272955,0.256933471407062,20.3431849533843,27.01903175739,10.0951143377696,1.13607444190709,22.6147965272955,0.256933471407062
2021-01-04,328851,9977,174070,324062.857142857,9652.42857142857,156659.714285714,1740.28571428574,116.571428571428,5675.14285714287,NA,639294.909301153,1977820.24263449,7647.87809107103,18900.4025974022,639294.909301153,316766.504937844,2626726.3628796,981474.706871249,45.8550640083268,17.3688175986515,10019.5980779994,3795.18762414053,3.03389681040958,3.31073972863175,0.504444225260354,0.559406217195554,22.7551445454855,0.267476353508229,20.4221537793142,27.122489982938,10.1343018754492,1.17539590779982,22.7551445454855,0.267476353508229
2021-01-05,329721,10080,176576,325798.571428571,9765,162118.428571429,1735.71428571426,112.571428571429,5458.71428571429,NA,628916.283573597,1985400.9848723,7580.74223781144,17846.7965367967,628916.283573597,311619.23202041,2636658.00528437,985236.578959186,46.1396412515017,17.4766087518497,9931.64240476908,3761.8720879365,3.05713011910069,3.29924284657254,0.507706003815061,0.559757917039601,22.8963633278129,0.271518222509955,20.5004293881914,27.2250400145835,10.1731454106815,1.1857973726239,22.8963633278129,0.271518222509955
2021-01-06,331768,10198,179541,327545,9874.85714285714,167162.285714286,1746.42857142858,109.857142857143,5043.85714285713,NA,618905.659053737,1992981.47723555,7580.49236325664,17481.2597402595,618905.659053737,306654.720174894,2646589.32032479,988998.327049223,46.4259841336525,17.5850686874818,9931.31504042307,3761.74809003714,3.07383472788213,3.29137767992252,0.511695673867754,0.561175260156384,23.0384582918877,0.277702841223873,20.5787024169674,27.3275866660002,10.2119876655628,1.20532613978177,23.0384582918877,0.277702841223873
2021-01-07,334836,10325,179541,329305.285714286,9987.42857142857,171367.857142857,1760.28571428574,112.571428571428,4205.57142857142,NA,609012.853615565,2000574.9921437,7593.51490814914,17373.7489177494,609012.853615565,301746.947766264,2656537.69639367,992766.537454771,46.7141036417224,17.6942015671431,9948.37606888404,3768.21040554787,3.08359913509897,3.2963007143588,0.516101622810765,0.56334013910364,23.1814348898773,0.284433919008957,20.6571099111556,27.4303094825402,10.2508966476411,1.22692607460709,23.1814348898773,0.284433919008957
2021-01-08,337743,10440,186449,331086,10097.8571428571,175565.857142857,1780.71428571426,110.428571428572,4198,NA,598603.881324742,2008209.25361911,7634.26147541078,17932.8051948049,598603.881324742,296585.982998959,2666539.45514232,996554.967961365,47.0040108328357,17.8040115790115,10001.7587486492,3788.43050659471,3.09110773576358,3.3093622858641,0.51986614349005,0.565126870567459,23.3252986087756,0.292409044669657,20.7359381375442,27.5335835065518,10.2900144141197,1.25354685538868,23.3252986087756,0.292409044669657
2021-01-09,340459,10554,193172,333053.285714286,10208.2857142857,179675.714285714,1967.28571428574,110.428571428571,4109.85714285716,NA,589028.765746069,2016591.36314867,8382.10952955158,17846.7965367965,589028.765746069,291838.523925547,2677520.98067552,1000714.51103618,47.2957168347924,17.9145029380356,10981.525533197,4159.54307481507,3.09993273786271,3.33203393118267,0.523358385484761,0.566995007584719,23.4700549706489,0.328663366460954,20.8224883336224,27.6469741971394,10.3329641354818,1.40027650856549,23.4700549706489,0.328663366460954
2021-01-10,342237,10648,197936,335087.857142857,10317.4285714286,183897.857142857,2034.57142857142,109.142857142857,4222.14285714284,NA,579537.64171076,2025206.69365881,8615.33051014622,17997.3116883119,579537.64171076,287133.896316189,2688808.05246104,1004989.78783069,47.5892328465071,18.0256798861003,11287.0717855161,4275.2767945088,3.11129422008725,3.34696737561833,0.525773494297658,0.567981326584925,23.6157095328532,0.345430094470257,20.9114466730838,27.7635198319515,10.3771088753649,1.4626332381635,23.6157095328532,0.345430094470257
2021-01-11,343656,10725,203972,337202.857142857,10424.2857142857,188169.571428571,2115,106.857142857143,4271.71428571429,NA,570785.683918502,2034107.35924318,8900.66558436467,17545.766233766,570785.683918502,282795.713179751,2700468.94594287,1009406.65947406,47.8845701385786,18.1375466922428,11660.893481832,4416.87164336897,3.12085341155109,3.34590013746757,0.527258305775483,0.568015357919102,23.7622678883172,0.364966333893957,21.0033512645041,27.8839253949833,10.4227156650923,1.53582182480683,23.7622678883172,0.364966333893957
2021-01-12,344352,10853,209852,339293,10534.7142857143,192923.285714286,2090.14285714284,110.428571428572,4753.71428571429,NA,562473.356347251,2042849.16587106,8741.80662788358,16943.7056277057,562473.356347251,278671.878230322,2711921.71595881,1013744.69885331,48.1817400538208,18.2501076528536,11452.7700159405,4338.03937925037,3.15171684787659,3.35325316895452,0.531267808770029,0.571120433908832,23.9097356658058,0.366207558483474,21.0936155440454,28.0021819611883,10.4675084654662,1.53153922289539,23.9097356658058,0.366207558483474
2021-01-13,345710,10948,215453,341284.714285714,10641.8571428571,198053.571428571,1991.71428571426,107.142857142857,5130.28571428571,NA,554109.810617689,2051127.92750081,8278.7616297456,16535.1645021648,554109.810617689,274522.914613719,2722767.84388159,1017852.95650416,48.4807540077643,18.3633670918668,10846.1279227841,4108.25765085116,3.16681611755518,3.37448936233825,0.533755103872998,0.573049209947402,24.0581185301687,0.354119464776622,21.179098612456,28.1141745920525,10.5099286347526,1.47184956164121,24.0581185301687,0.354119464776622
2021-01-14,347636,11066,220304,343113.285714286,10747.7142857143,203876.857142857,1828.57142857148,105.857142857143,5823.28571428571,NA,544614.011377916,2058681.6910316,7553.76353078964,16943.7056277052,544614.011377916,269814.095871748,2732664.14108371,1021601.4406623,48.7816234891231,18.4773293609364,9896.29720211262,3748.4841581363,3.18321462679354,3.40052973666844,0.537528460480691,0.576623251688976,24.2074221825723,0.330020659197004,21.2570956503632,28.2163596637546,10.5486339317592,1.36322501172992,24.2074221825723,0.330020659197004
2021-01-15,349149,11177,225021,344742.714285714,10853,209387.142857143,1629.42857142852,105.285714285714,5510.28571428574,NA,534577.148640611,2065371.28716875,6689.59613715392,16621.1731601735,534577.148640611,264835.987832398,2741428.27981608,1024921.08987321,49.084360060373,18.5919988396558,8764.13873237278,3319.64921091846,3.20121208996732,3.42723790456281,0.541161778971065,0.580120450718312,24.3576523607866,0.2992071305694,21.3261696531919,28.3068545353701,10.5829112564712,1.22831877208387,24.3576523607866,0.2992071305694
2021-01-16,350587,11264,227325,346189.571428571,10954.4285714286,214266.142857143,1446.85714285716,101.428571428571,4879,NA,523757.962281541,2071274.70254128,5903.41537253093,16621.173160173,523757.962281541,259471.602120378,2749162.43151357,1027850.60426861,49.3889753582839,18.7073799357593,7734.1516974885,2929.51439539122,3.2128972266513,3.449442351924,0.543819706105618,0.582429462745177,24.5088148394491,0.270670616713413,21.3871258786174,28.3867141868763,10.6131602104417,1.10431495015132,24.5088148394491,0.270670616713413
2021-01-17,351828,11341,228615,347559.714285714,11053.4285714286,218648.857142857,1370.14285714284,99,4382.71428571426,NA,512787.237217006,2076830.6311564,5555.92861511931,16427.6536796535,512787.237217006,254032.592475034,2756441.33567635,1030607.68162648,49.6954810944067,18.8234770853062,7278.90416278318,2757.07735787891,3.22345009493275,3.45913650789677,0.546072454338042,0.584204332262138,24.6609154303071,0.261614342229924,21.4444940995097,28.461873140634,10.6416286508845,1.06078169979835,24.6609154303071,0.261614342229924
2021-01-18,352703,11409,230441,348852.142857143,11151.1428571429,222430.142857143,1292.42857142858,97.7142857142862,3781.28571428574,NA,501814.377550672,2082039.1048234,5208.47366699879,16083.6190476192,501814.377550672,248592.019794211,2763265.03397825,1033192.33773191,50.0038890556613,18.940294752904,6823.69830189925,2584.656105428,3.23473290558912,3.45756861939105,0.547972416731708,0.585579637619881,24.8139599825086,0.252055509269805,21.4982746443186,28.5323318269499,10.6683167407897,1.01571827240985,24.8139599825086,0.252055509269805
2021-01-19,353276,11520,231915,350127,11246.4285714286,225582,1274.85714285716,95.2857142857138,3151.85714285713,NA,490203.89221056,2087145.07835775,5105.97353434749,16621.1731601732,490203.89221056,242838.053921889,2769954.44534201,1035726.12910986,50.3142111048695,19.0578374319102,6689.41136376048,2533.79137794685,3.26090648671294,3.4574820834574,0.551950131280017,0.589127515687463,24.9679543828676,0.254065567718212,21.5509968151529,28.601403921885,10.6944796225571,1.0175024397008,24.9679543828676,0.254065567718212
2021-01-20,354252,11615,233232,351347.285714286,11341.7142857143,228121.857142857,1220.28571428574,95.2857142857156,2539.85714285713,NA,478839.246783417,2092002.34202151,4857.26366376621,16126.6233766235,478839.246783417,237204.4285864,2795450.32338078,1038136.50055203,50.6264591812176,19.176109644607,25495.878038771,2410.37144216965,3.27873942842948,3.47172662776542,0.555209703483236,0.591807010646184,25.1229045560929,0.248950360003703,21.6011509107323,28.8646638131645,10.7193681211153,0.990865992895837,25.1229045560929,0.248950360003703
2021-01-21,355662,11713,235276,352493.857142857,11434.1428571429,230260.714285714,1146.57142857142,92.4285714285706,2138.85714285716,NA,467349.414909914,2096538.04261554,4535.70059402939,15933.1038961038,467349.414909914,231509.472275382,2820473.3293098,1040387.29934305,50.9406453008977,19.2951159424449,25023.0059290146,2250.79879102216,3.29329531971366,3.48607230510918,0.558682922127538,0.59451651087972,25.2788164651071,0.239463857632987,21.6479846790554,29.1230410226233,10.7426089384786,0.947228245073429,25.2788164651071,0.239463857632987
2021-01-22,356973,11811,237362,353611.571428571,11524.7142857143,232023.714285714,1117.71428571426,90.5714285714294,1763,NA,455806.022655168,2100932.31702746,4394.27441192046,15847.0952380951,455806.022655168,225788.584819213,2846528.52936726,1042567.91672039,51.2567815576961,19.4148609062652,26055.2000574591,2180.6173773437,3.30865359565009,3.50453983284657,0.562178986170815,0.597172571369154,25.4356961113379,0.239176411978309,21.6933581391173,29.3920762417267,10.765125091592,0.94025460859248,25.4356961113379,0.239176411978309
2021-01-23,358317,11904,239880,354715.857142857,11616.1428571429,233817.285714286,1104.28571428574,91.4285714285706,1793.57142857142,NA,444762.760539974,2105247.02028023,4314.7032527714,15266.5367965368,444762.760539974,220313.507378591,2872004.6186186,1044709.04765786,51.5748801235301,19.5353491465031,25476.0892513441,2141.13093746582,3.32219794204573,3.52302184487578,0.565444334338278,0.599576614029214,25.5935495349848,0.242287678192645,21.7379099803012,29.6551318021721,10.7872335240592,0.946609530878361,25.5935495349848,0.242287678192645
2021-01-24,359574,11968,241472,355822.428571429,11705.7142857143,235654,1106.57142857142,89.5714285714294,1836.71428571429,NA,434069.156256191,2109543.98742502,4296.96714478824,14901,434069.156256191,215011.656488034,2897263.62374626,1046841.37721843,51.8949532489237,19.6565853033687,25259.0051276567,2132.32956057123,3.32838303103116,3.52828310316676,0.567326401883116,0.600507337208206,25.7523828152554,0.248817919447984,21.7822786857699,29.9159458417444,10.809251077149,0.966125657546377,25.7523828152554,0.248817919447984
2021-01-25,360418,12024,243092,356924.571428571,11793.5714285714,237461.285714286,1102.14285714284,87.8571428571431,1807.28571428571,NA,423527.19256082,2113797.36139199,4253.37396696676,14707.4805194805,423527.19256082,209785.271711169,2922023.15132677,1048952.07407422,52.217013263677,19.7785740470994,24759.5275805132,2110.696855788,3.33612638658447,3.52219338081073,0.568834090704035,0.6010272070389,25.9122020706969,0.253927814381877,21.826197266115,30.1716024827539,10.8310452598766,0.979883943759501,25.9122020706969,0.253927814381877
2021-01-26,360877,12113,244681,358010.428571429,11878.2857142857,239285,1085.85714285716,84.7142857142844,1823.71428571429,NA,413265.21288727,2117962.0397271,4164.67833510786,14341.9437229438,413265.21288727,204698.186201846,2945863.80704193,1051018.7565563,52.5410725774563,19.9013200781845,23840.6557151596,2066.68248208379,3.35654530490998,3.51695985239834,0.571917710175806,0.603174195028254,26.0730134594896,0.256403186810081,21.869200012051,30.4177712329362,10.8523849683862,0.983331981572777,26.0730134594896,0.256403186810081
2021-01-27,361881,12198,246596,359100.285714286,11961.5714285714,241194.142857143,1089.85714285716,83.2857142857156,1909.14285714287,NA,402994.222018343,2122116.2782954,4154.23856830224,14341.9437229438,402994.222018343,199607.348627792,2970215.65501051,1053080.25840223,52.8671436803171,20.0248281275628,24351.8479685779,2061.50184592442,3.37072131446525,3.51336619932839,0.574803564006309,0.604882090784832,26.2348231797063,0.263738467440652,21.9120949612728,30.6692183428932,10.8736711837895,1.00522338652187,26.2348231797063,0.263738467440652
2021-01-28,363450,12291,249003,360212.857142857,12044.1428571429,243155.142857143,1112.57142857142,82.5714285714275,1961,NA,393214.413040438,2126330.94117897,4214.66288356716,13911.9004329003,393214.413040438,194759.175966361,2994301.24550802,1055171.74524671,53.1952391433607,20.1491029568709,24085.5904975105,2091.48684447701,3.38175815105241,3.51924042612075,0.578037960223874,0.60690101600418,26.3976374696376,0.276097579250831,21.9556138269821,30.9179161883306,10.8952670118858,1.04583705008439,26.3976374696376,0.276097579250831
2021-01-29,364909,12374,254783,361346.571428571,12124.5714285714,245643.857142857,1133.71428571426,80.4285714285725,2488.71428571426,NA,383769.879711113,2130599.20871544,4268.26753647625,13632.3722943724,383769.879711113,190077.524625708,3017865.68711302,1057289.83289639,53.5253716193253,20.2741493586681,23564.4416049984,2118.08764967998,3.39098240931301,3.52811283043841,0.580775584135338,0.608325806588889,26.5614626080862,0.288342368923833,21.9996861921658,31.1612328658563,10.9171375088943,1.08548094752501,26.5614626080862,0.288342368923833
2021-01-30,366279,12463,259555,362484,12204.4285714286,248454.571428571,1137.42857142858,79.8571428571413,2810.71428571429,NA,374184.476524888,2134855.04795346,4255.83923801687,13761.3852813852,374184.476524888,185326.687598817,3041215.92664052,1059401.75311976,53.8575538431044,20.3999721566318,23350.2395275049,2111.92022337671,3.40259747351063,3.54417240829981,0.583786707764887,0.610079305325797,26.7263049146233,0.296406878891507,22.0436302278801,31.402337781326,10.9389443236097,1.10895603407451,26.7263049146233,0.296406878891507
2021-01-31,367586,12524,262968,363628.571428571,12283.8571428571,251525.428571429,1144.57142857142,79.4285714285725,3070.85714285716,NA,364879.341938061,2139111.19908092,4256.15112745902,13481.8571428573,364879.341938061,180714.21157399,3064174.85980524,1061513.82811534,54.19179863244,20.5265762058207,22958.9331647195,2112.07499558129,3.40709385014663,3.55322586643636,0.58547680949831,0.610590876955191,26.8921707499326,0.305909507218284,22.0875774840358,31.6394022291417,10.9607527364388,1.13744727386518,26.8921707499326,0.305909507218284
2021-02-01,368710,12578,264260,364813.142857143,12363,254549.428571429,1184.57142857142,79.1428571428569,3024,NA,355954.092575521,2143488.92374435,4377.72466343362,13223.8311688313,355954.092575521,176289.530365081,3087489.99447512,1063686.23283554,54.5281188885687,20.6539663929191,23315.1346698841,2172.40472019976,3.41135309592905,3.55630602124061,0.586800326358959,0.610973520325875,27.0590665161318,0.324674842068437,22.1327800582399,31.8801446663713,10.9831840890514,1.19977322919442,27.0590665161318,0.324674842068437
2021-02-02,369288,12656,268803,366014.714285714,12440.5714285714,257995.428571429,1201.57142857142,77.5714285714294,3446,NA,347538.899120055,2147902.08526724,4413.16152288951,12750.7835497833,347538.899120055,172117.167984388,3109436.59510521,1065876.2227642,54.8665275968181,20.7821476364632,21946.6006300868,2189.9899286523,3.42713546067026,3.56311243296456,0.589226114486748,0.612771179624032,27.2269986570676,0.337592725844167,22.1783485387978,32.1067561871452,11.005797019253,1.23981199119187,27.2269986570676,0.337592725844167
2021-02-03,370336,12739,272284,367222.571428571,12517.8571428571,261665.142857143,1207.85714285716,77.2857142857138,3669.71428571429,NA,339334.737120148,2152310.97088638,4408.8856191407,12535.7619047621,339334.737120148,168048.952255111,3130757.89683715,1068064.0908158,55.2070378271581,20.9111248870494,21321.3017319404,2187.86805160367,3.43984921800743,3.57054230272576,0.59187543864787,0.615031892407623,27.3959736585897,0.347576517659893,22.2238728681421,32.3269111301267,11.0283880398299,1.26860205585726,27.3959736585897,0.347576517659893
2021-02-04,371988,12832,274308,368442.285714286,12595.1428571429,265280.142857143,1219.71428571432,77.2857142857138,3614.99999999997,NA,331253.906019196,2156735.67658197,4424.70569558442,12428.2510822508,331253.906019196,164041.578497173,3152028.40287441,1070259.80943165,55.549662734909,21.0409031276031,21270.5060372567,2195.71861585369,3.4495736421605,3.57991486099539,0.594973233824202,0.617864538758994,27.5659980489022,0.359475154128181,22.2695605490524,32.5465415777745,11.0510601220861,1.30393538048472,27.5659980489022,0.359475154128181
2021-02-05,373564,12930,275764,369678.714285714,12674.5714285714,268277.428571429,1236.42857142852,79.4285714285725,2997.28571428574,NA,323526.43297467,2161193.35072359,4457.67414162168,12105.7186147189,323526.43297467,160207.396384852,3172866.07573829,1072471.888329,55.8944155613921,21.1714873736249,20837.6728638858,2212.07889734604,3.46125429645255,3.59355362119728,0.598280574742233,0.621025799661757,27.7370783988863,0.373291365790409,22.3155886485004,32.7617027690981,11.0739011338423,1.34569708028239,27.7370783988863,0.373291365790409
2021-02-06,375125,13026,277949,370942.428571429,12755,270905.142857143,1263.71428571432,80.4285714285706,2627.71428571426,NA,315954.239784442,2165721.2960615,4527.94533790974,12019.7099567098,315954.239784442,156449.478818917,3193803.15430532,1074718.83864706,56.2413096345295,21.3028826734173,20937.0785670285,2246.95031806035,3.47244251916028,3.61049151371732,0.601462433032755,0.624106111983811,27.9092213223981,0.390642842492068,22.3623423392564,32.9778903825973,11.0971022134656,1.39955962679076,27.9092213223981,0.390642842492068
2021-02-07,376495,13090,279763,372215.142857143,12835.8571428571,273304.428571429,1272.71428571426,80.8571428571431,2399.28571428574,NA,308450.244701741,2170253.36158486,4532.06552336039,11955.2034632037,308450.244701741,152724.972129113,3214197.87282221,1076967.83356843,56.5903583695424,21.4350941083502,20394.7185168867,2248.99492136668,3.47680580087385,3.62336899801755,0.603155384145602,0.625716316710767,28.082433476615,0.402854590401228,22.4091385733432,33.1884778105442,11.1203244048169,1.43440566787531,28.082433476615,0.402854590401228
2021-02-08,377655,13155,281839,373493,12918.2857142857,275815.714285714,1277.85714285716,82.4285714285706,2511.28571428568,NA,300977.929112319,2174775.67370106,4522.31211620569,11912.1991341989,300977.929112319,149015.25053694,3234430.30841548,1079211.98845316,56.9415752696062,21.5681267931081,20232.4355932684,2244.15488473373,3.48333796719228,3.63218047311372,0.604889973668532,0.627462976230493,28.256721562361,0.414323568349136,22.4558340977819,33.3973895721436,11.1434966199519,1.46613990226482,28.256721562361,0.414323568349136
2021-02-09,378734,13249,283282,374842.428571429,13003,277884.142857143,1349.42857142858,84.7142857142862,2068.42857142858,NA,293963.685357225,2179521.81955636,4746.14585529547,11675.6753246756,293963.685357225,145530.8997154,3255793.8006054,1081567.21872722,57.2949739264578,21.7019858759206,21363.4921899233,2355.23027405632,3.49823358874566,3.64257240743698,0.607885632578656,0.630624789414709,28.4320923244076,0.448392775498228,22.5048408368305,33.6179801563438,11.1678157536151,1.57690827008259,28.4320923244076,0.448392775498228
2021-02-10,380013,13347,285022,376224.857142857,13089.8571428571,279703.857142857,1382.42857142858,86.8571428571431,1819.71428571432,NA,287076.37852358,2184354.04086124,4832.22130488325,11632.6709956708,287076.37852358,142108.316732432,3276184.06544181,1083965.16313415,57.6505680211248,21.8366765388386,20390.2648364054,2397.94440693478,3.51224826519093,3.65314990437438,0.611027322051583,0.633987359745715,28.6085525518364,0.470319775991057,22.55473635537,33.8285215974282,11.1925759357475,1.64381573152858,28.6085525518364,0.470319775991057
2021-02-11,381875,13444,287134,377637.285714286,13177.2857142857,281536.142857143,1412.42857142858,87.4285714285706,1832.28571428568,NA,280262.911414457,2189260.67331922,4906.6324579767,11632.6709956708,280262.911414457,138722.088156261,3296498.49387094,1086400.03337645,58.0083713246235,21.9722039979985,20314.4284291374,2434.87024230417,3.52052373158756,3.66469369706534,0.614088589990385,0.637294129922846,28.7861090783846,0.492055556627446,22.605400212699,34.0382799831377,11.217717398783,1.70917317656411,28.7861090783846,0.492055556627446
2021-02-12,383735,13543,289520,379090.285714286,13264.8571428571,283501.285714286,1453,87.5714285714294,1965.1428571429,NA,273236.575669484,2194277.11246602,5016.43914680229,11955.2034632037,273236.575669484,135231.233038992,3317592.23392104,1088889.39415607,58.3683976986304,22.1085735038767,21093.7400500956,2489.36077961628,3.52925847264388,3.6804091756952,0.617196429888466,0.640695283633129,28.964768782779,0.518496700484199,22.6571978884798,34.2560852183143,11.2434215085689,1.78990474390095,28.964768782779,0.518496700484199
2021-02-13,385755,13636,293542,380608.857142857,13352,285728.857142857,1518.57142857142,87.1428571428569,2227.57142857142,NA,266254.197883721,2199487.59615212,5210.4836860979,12105.7186147184,266254.197883721,131762.911302126,3339492.76191834,1091475.04771459,58.7306610961329,22.245790341536,21900.5279972977,2585.65355851478,3.53488613238973,3.69987558087659,0.619962577822917,0.643826458842342,29.1445385890584,0.555831789893904,22.7109991879145,34.4822210121381,11.2701198977621,1.90694956315097,29.1445385890584,0.555831789893904
2021-02-14,387462,13706,296173,382175.571428571,13440,288073.142857143,1566.71428571426,88,2344.28571428568,NA,259338.484472319,2204830.10784894,5342.51169682248,12170.2251082251,259338.484472319,128327.455237606,3361097.36474534,1094126.21893256,59.0951755621697,22.3838598309062,21604.6028270004,2651.17121797195,3.53737914943917,3.71392805922389,0.621635197705629,0.64586470308825,29.3254254669414,0.58849305376295,22.7661637539799,34.705301205051,11.2974947952081,2.00654552652562,29.3254254669414,0.58849305376295
2021-02-15,388799,13752,298008,383767.571428571,13525.2857142857,290383,1592,85.2857142857138,2309.85714285716,NA,252241.699961924,2210225.35797058,5395.25012164004,12406.7489177489,252241.699961924,124804.303310858,3382581.21997132,1096803.56109818,59.461955234544,22.5227873270537,21483.8552259826,2677.34216562589,3.53704613437792,3.72136076882259,0.622198996604899,0.64674786665029,29.5074364321797,0.613938879199853,22.8218728752068,34.9271346081783,11.325139923035,2.08038931538367,29.5074364321797,0.613938879199853
2021-02-16,389622,13837,298773,385323,13609.2857142857,292596,1555.42857142858,84,2213,NA,244645.711503221,2215464.15306166,5238.79509108048,12750.7835497835,244645.711503221,121035.225257237,3403277.24717209,1099403.26392534,59.8310143445187,22.6625782204457,20696.0272007682,2599.7028271528,3.55139083521978,3.72950124943088,0.624564382180499,0.649441713082324,29.690578546904,0.616713358582662,22.8759665064996,35.1408332249706,11.3519833791652,2.07689493524317,29.690578546904,0.616713358582662
2021-02-17,391170,13931,299989,386916.857142857,13692.7142857143,294734.142857143,1593.85714285716,83.4285714285725,2138.14285714284,NA,236824.078779358,2220799.26492654,5335.11186488206,13073.3160173162,236824.078779358,117155.540704687,3426175.8110135,1102050.76304626,60.2023672175548,22.8032379372292,22898.5638414132,2647.4991209188,3.56136718050975,3.73832905673388,0.62729667737263,0.652550158539087,29.8748589199896,0.65157325894451,22.931054664961,35.3772743241233,11.3793203600558,2.18075020898612,29.8748589199896,0.65157325894451
2021-02-18,394023,14035,301363,388652.285714286,13777.1428571429,296766.857142857,1735.42857142858,84.4285714285706,2032.71428571432,NA,229353.486327055,2226572.42572099,5773.1607944495,13159.3246753244,229353.486327055,113449.840690761,3451459.86530321,1104915.63983147,60.5760282740428,22.9447719395082,25284.0542897112,2864.87678521546,3.56197480857716,3.74800532586738,0.630341049672133,0.656113623547491,30.0602847074197,0.732881525550758,22.9906659354877,35.6383470109824,11.4089018927984,2.4377423208846,30.0602847074197,0.732881525550758
2021-02-19,397116,14145,302689,390563.857142857,13863.1428571429,298648.142857143,1911.57142857142,86,1881.28571428568,NA,222406.55924494,2232892.32547871,6319.89975771168,13180.826839827,222406.55924494,110003.285038842,3477493.96029572,1108051.83068868,60.9520120300268,23.0871857256182,26034.0949925054,3136.19085721043,3.56193152630466,3.75990422205605,0.633483300497595,0.659905439366153,30.2468631126449,0.833565011695329,23.0559226064125,35.9071643079143,11.4412849024302,2.755528097227,30.2468631126449,0.833565011695329
2021-02-20,400111,14252,304680,392614.714285714,13951.1428571429,300239.285714286,2050.8571428571,88,1591.1428571429,NA,215940.809635202,2239630.89621529,6738.57073658286,13116.3203463203,215940.809635202,106794.285769563,3502581.67495753,1111395.78308428,61.3303330979575,23.2304848304111,25087.7146618119,3343.95239559747,3.56201154179715,3.77784895722115,0.636354857583193,0.663531177596802,30.4346013869564,0.922238908695342,23.1255023006985,36.1662096729838,11.4758131717752,3.02984352595535,30.4346013869564,0.922238908695342
2021-02-21,403023,14299,306621,394837.714285714,14035.8571428571,301731.857142857,2223,84.7142857142862,1492.57142857142,NA,209869.891456655,2246890.02565579,7259.1294405004,13245.3333333333,209869.891456655,103783.304890413,3528552.45005141,1114998.05784423,61.7110061874462,23.3746748255411,25970.7750938851,3602.27475994779,3.54793647012702,3.79003314364716,0.636390737273695,0.664355671342012,30.6235068298605,1.02958359947647,23.200457068853,36.4343731548323,11.5130087710097,3.3616292597789,30.6235068298605,1.02958359947647
2021-02-22,405646,14347,308650,397244.428571429,14120.8571428571,303252.142857143,2406.71428571432,85,1520.28571428568,NA,204758.661200506,2254700.58760743,7810.56195164379,12836.7922077922,204758.661200506,101247.048844935,3554032.49560424,1118873.97580519,62.0940461060316,23.5197613197548,25480.0455528232,3875.91796096624,3.53682767733442,3.79605179276136,0.636315086750577,0.665218281302667,30.8135867894593,1.14691823954481,23.2811057010395,36.6974695664104,11.5530298967564,3.72162099929276,30.8135867894593,1.14691823954481
2021-02-23,407274,14450,310848,399766.142857143,14208.4285714286,304977.142857143,2521.71428571426,87.5714285714275,1725,NA,200161.107141112,2262833.87770388,8133.29009644967,12643.2727272727,200161.107141112,98963.7567123455,3577688.58312399,1122910.04457486,62.4794677599738,23.6657499591922,23656.0875197491,4036.0687696666,3.54797998399112,3.80347907491851,0.638579797765028,0.668612088555705,31.0048486628441,1.23172168888366,23.3650866905657,36.9417325417462,11.5947046735138,3.97213482876081,31.0048486628441,1.23172168888366
2021-02-24,410129,14552,313450,402474.571428571,14297.1428571429,306900.142857143,2708.42857142858,88.7142857142862,1923,NA,196196.740914161,2271515.48983191,8681.61212802725,12557.2640692643,196196.740914161,96993.8145030527,3602677.63420302,1127218.21299929,62.8672861550015,23.8126464276698,24989.0510790306,4308.16842443449,3.54815192293157,3.81130099490646,0.640629573742279,0.671923946375914,31.1972998964669,1.35331057324829,23.4547294265986,37.1997591474681,11.6391890387632,4.33731220416701,31.1972998964669,1.35331057324829
2021-02-25,414514,14672,315781,405401.857142857,14388.1428571429,308959.857142857,2927.28571428574,91,2059.71428571432,NA,192723.215953119,2280840.74409165,9325.25425973721,12707.779220779,192723.215953119,95266.7999681425,3628548.78261003,1131845.78278232,63.2575163970972,23.9604564469778,25871.1484070146,4627.56978302752,3.53956681800856,3.82160263938242,0.64327156720638,0.676050099020953,31.3909479865295,1.49222286697094,23.5510181450667,37.4668939253546,11.6869714103339,4.75301180656062,31.3909479865295,1.49222286697094
2021-02-26,419182,14795,317899,408554.142857143,14481,311132.714285714,3152.28571428568,92.8571428571431,2172.8571428571,NA,189666.128048008,2290820.8163597,9980.07226804923,12944.303030303,189666.128048008,93746.2944770993,3654896.35553951,1136798.29984767,63.6501736933308,24.1091857771957,26347.5729294796,4952.51706534764,3.52949315571756,3.83445207927871,0.645838377857526,0.680300050203415,31.5858004793972,1.63588322726334,23.6540682434494,37.7389480658061,11.7381090531403,5.17844838707804,31.5858004793972,1.63588322726334
2021-02-27,424130,14902,319691,411985.428571429,14573.8571428571,313277.142857143,3431.28571428574,92.8571428571431,2144.42857142858,NA,187124.30121288,2301617.18000076,10796.3636410623,13245.3333333333,187124.30121288,92482.4899681531,3682812.49218544,1142155.89383496,64.0452733526149,24.2588402169791,27916.1366459318,5357.59398729424,3.51354537523872,3.84804563172494,0.647457801822416,0.683727956576883,31.7818649719743,1.80937287267647,23.7655470289236,38.0271985464202,11.7934293526989,5.69229927988487,31.7818649719743,1.80937287267647
2021-02-28,428599,14974,321128,415639.142857143,14670.2857142857,315349.571428571,3653.71428571426,96.4285714285706,2072.42857142858,NA,185702.390849713,2313042.4817588,11425.3017580458,12750.7835497838,185702.390849713,91770.9791327255,3708665.7237882,1147825.59245174,64.4428307865295,24.4094256038711,25853.2316027521,5669.69861677452,3.49370857141524,3.8604694350682,0.6473724593512,0.685511584655758,31.9791491121124,1.95283403088937,23.8835199692587,38.2941483227964,11.851972315572,6.10572848314764,31.9791491121124,1.95283403088937
2021-03-01,432925,15058,322956,419536.142857143,14771.8571428571,317393.285714286,3897,101.571428571429,2043.71428571432,NA,184917.918186841,2325153.36840329,12110.8866444868,12793.7878787876,184917.918186841,91373.3439337491,3734968.14145494,1153835.50612494,64.8428615102291,24.5609478146466,26302.4176667407,6009.91367320414,3.47820061211526,3.8682440963292,0.647613194235892,0.687812108604226,32.177660599061,2.09881129318457,24.0085719755665,38.5657362086815,11.9140281984014,6.52166436257032,32.177660599061,2.09881129318457
2021-03-02,435689,15188,324202,423595.428571429,14877.2857142857,319301,4059.28571428574,105.428571428571,1907.71428571426,NA,184169.064832637,2337690.77046034,12537.4020570517,13180.826839827,184169.064832637,90992.7367912764,3760234.13176902,1160057.07406303,65.2453811431769,24.7134127655902,25265.990314085,6221.56793808565,3.48597279251943,3.87696866699303,0.649700986628319,0.692164171686186,32.3774071838322,2.19548442142316,24.1380280036134,38.8266223743998,11.9782695356277,6.77998226455473,32.3774071838322,2.19548442142316
2021-03-03,439900,15324,326215,427848.428571429,14987.5714285714,321124.571428571,4253,110.285714285716,1823.57142857142,NA,183760.598281679,2350745.43377951,13054.6633191719,13352.8441558443,183760.598281679,90779.1722944533,3786391.31405284,1166535.32804096,65.6504054099438,24.8668264127988,26157.1822838155,6478.25397793506,3.48351898158672,3.8852565562524,0.651878326755363,0.696707725326957,32.5783966695962,2.30960450828214,24.2728250575085,39.0967106197916,12.0451613067335,7.08841266639175,32.5783966695962,2.30960450828214
2021-03-04,446178,15476,328136,432371.857142857,15102.4285714286,322889.571428571,4523.42857142858,114.857142857141,1765,NA,183747.949243475,2364544.52067205,13799.0868925317,13696.8787878789,183747.949243475,90760.8770681904,3814624.90613744,1173382.99522071,66.0579501410888,25.0211947525151,28233.5920846066,6847.66717975237,3.46857083944076,3.89778315587814,0.654502373065974,0.701913491878908,32.7806369121193,2.46191621333128,24.4153087213212,39.3882390139627,12.1158674857684,7.50927403456733,32.7806369121193,2.46191621333128
2021-03-05,452547,15619,331557,437138.285714286,15220.1428571429,324840.714285714,4766.42857142858,117.714285714286,1951.14285714284,NA,184104.497884899,2378995.19052559,14450.6698535453,13976.4069264065,184104.497884899,90925.2889611416,3842727.52940886,1180554.00432097,66.4680312741313,25.1765238214958,28102.6232714173,7171.00910025532,3.45135422398116,3.91465586514956,0.656537687095924,0.706670020940366,32.9841358202456,2.59434253789914,24.5645203612881,39.6784150783388,12.1899123597369,7.86439789561811,32.9841358202456,2.59434253789914
2021-03-06,459816,15765,333045,442236.285714286,15343.4285714286,326748.428571429,5098,123.285714285714,1907.71428571432,NA,185365.361911255,2394355.74719264,15360.5566670489,13976.406926407,185365.361911255,91535.6522051552,3872527.76257569,1188176.53620086,66.8806648542913,25.3328196972921,29800.2331668241,7622.53187988908,3.42854533117595,3.93802931339313,0.658423461863773,0.711589035562302,33.1889013562648,2.76943243515126,24.7231271161529,39.9861199603465,12.2686194711736,8.34339021779481,33.1889013562648,2.76943243515126
2021-03-07,466017,15873,335512,447581.714285714,15471.8571428571,328803.285714286,5345.42857142852,128.428571428572,2054.85714285716,NA,186729.673691889,2410362.44858366,16006.7013910231,14513.9610389606,186729.673691889,92196.5588030638,3901517.65604654,1196119.71132723,67.2958670353499,25.4900884985756,28989.8934708587,7943.17512637237,3.40609891913814,3.95527702606466,0.658531666444066,0.714742671734675,33.394941536339,2.88408161741057,24.8884056941857,40.2854576098182,12.3506374121523,8.63521707938423,33.394941536339,2.88408161741057
2021-03-08,468713,15988,336744,452694.285714286,15604.7142857143,330773,5112.57142857148,132.857142857143,1969.71428571426,NA,186523.738588826,2425577.4095845,15214.9610008332,15288.0389610394,186523.738588826,92078.6049710386,3922406.54389239,1203669.99272614,67.7136540806266,25.6483363855085,20888.8878458496,7550.28139890963,3.41104257829418,3.96035619385525,0.6591420227128,0.718054342868405,33.6022644309876,2.73827981422472,25.0455090884211,40.5011476258626,12.4285984950059,8.14812166701391,33.6022644309876,2.73827981422472
2021-03-09,475207,16146,338946,458339.714285714,15741.5714285714,332879.285714286,5645.42857142852,136.857142857143,2106.28571428574,NA,187215.36166377,2442274.4872049,16697.0776203987,15868.5974025973,187215.36166377,92405.9839835246,3959179.65389831,1211955.76056784,68.1340423637683,25.8075695600424,36773.1100059184,8285.76784170163,3.39767722276818,3.96397310321705,0.661105051237651,0.723098011299693,33.810878165479,3.02700581209286,25.2179162058519,40.8808515500596,12.5141539066633,8.95171721665189,33.810878165479,3.02700581209286
2021-03-10,480860,16325,340844,464191.142857143,15884.5714285714,334969.142857143,5851.42857142858,143,2089.8571428571,NA,187672.257207101,2459474.0537439,17199.5665390017,16599.6709956713,187672.257207101,92616.2339738777,3990782.34724295,1220490.88381276,68.5570483696605,25.9677942662633,31602.6933446396,8535.12324491818,3.39495903173481,3.97004117071798,0.663759797553038,0.728914752318666,34.0207909202826,3.12585737808662,25.3955118160218,41.207167890348,12.6022840590785,9.18704874757619,34.0207909202826,3.12585737808662
2021-03-11,489172,16497,344267,470333.142857143,16030.4285714286,337273.571428571,6142,145.857142857141,2304.42857142858,NA,188180.930307611,2477416.32424701,17942.2705031079,17287.74025974,188180.930307611,92853.0416778903,4025129.03387447,1229394.56691957,68.9826886954847,26.1290167907925,34346.6866315207,8903.6831068052,3.37243341810243,3.97754683266924,0.665895345830264,0.734214839695374,34.2320109315939,3.2730810093573,25.5807762801353,41.5618175703737,12.6942198081874,9.56042772124183,34.2320109315939,3.2730810093573
2021-03-12,498183,16627,346904,476852.571428571,16174.4285714286,339466,6519.42857142858,144,2192.42857142858,NA,189246.463954461,2496343.64144364,18927.3171966332,17717.7835497838,189246.463954461,93368.5610601078,4061791.09090398,1238787.07019008,69.4109800514855,26.2912434630769,36662.0570295053,9392.50327050965,3.33752857885556,3.98732603586096,0.666054133091411,0.737437160897877,34.4445464917146,3.46480768280561,25.776211928981,41.9403748074689,12.7912029121259,10.0580421011276,34.4445464917146,3.46480768280561
2021-03-13,507627,16790,349530,483682.714285714,16320.8571428571,341821,6830.14285714284,146.428571428572,2355,NA,190250.698569349,2516050.67259532,19707.0311516845,18556.3679653676,190250.698569349,93855.2446176573,4098533.52923346,1248566.49918264,69.8419392618465,26.4544806557206,36742.4383294778,9779.42899256549,3.30754668289906,4.00734079338655,0.667315653968169,0.74198995186677,34.6584059494878,3.60948457075122,25.9796985816292,42.319762028621,12.892181251034,10.4134210700109,34.6584059494878,3.60948457075122
