"date","positive","death","recovered","positive7","death7","recovered7","dif_pos7","dif_dea7","dif_rec7","testPosRate7","Einfected","Epositive","dif_Epositive","dif_Erecovered","Einfected_U","Einfected_L","Epositive_U","Epositive_L","confirmRate_k_U","confirmRate_k_L","dif_Epositive_U","dif_Epositive_L","CFR","CFRadj","ECFR_k","EIFRadj_k","confirmRate_k","NCC7PerEinfected_k","cumIncidence","cumIncidence_U","cumIncidence_L","difEposPerEinfected_k","ascertainmentRate","docuTransmissionRate"
2020-03-13,6,1,NA,6,1,NA,NA,NA,NA,NA,843.155844155844,844.155844155844,NA,NA,1427.57142857143,417.90440386681,1428.57142857143,418.90440386681,NA,NA,NA,NA,NA,NA,NA,NA,NA,NA,0.0289757933458544,0.0490359579699074,0.0143789651189954,NA,NA,NA
2020-03-14,8,1,NA,7,1,NA,1,0,NA,NA,994.670995670996,995.670995670996,151.515151515152,0,1683.98168498168,493.092373791622,1684.98168498168,494.092373791622,9.87882811220908,3.564101946623,256.410256410256,75.187969924812,NA,NA,NA,NA,4.90227560455488,0.118602036258337,0.0341765767669052,0.057837283759378,0.0169598050121484,17.9700054936874,4.90227560455488,0.118602036258337
2020-03-15,8,1,NA,7.33333333333333,1,NA,0.333333333333333,0,NA,NA,1000.60160344314,1001.60160344314,5.93060777214225,0,1692.13899199393,496.035382159753,1693.13899199393,497.035382159753,11.326278815342,4.086315898529,8.15730701224857,2.94300836813073,NA,NA,NA,NA,5.62055941212459,0.0335119184920507,0.0343801458903207,0.0581172847140382,0.0170608242763997,0.596238132805061,5.62055941212459,0.0335119184920507
2020-03-16,11,1,NA,8.25,1,NA,0.916666666666667,0,NA,NA,1015.074263807,1016.074263807,14.4726603638662,0,1712.04554093595,503.217303844077,1713.04554093595,504.217303844077,12.7635291354875,4.60484973732356,19.9065489420173,7.18192168432461,NA,NA,NA,NA,6.3337813755051,0.0916125640381931,0.0348769224260414,0.0588005804021108,0.0173073449632987,1.44639587964529,6.3337813755051,0.0916125640381931
2020-03-17,18,1,NA,10.2,1,NA,1.95,0,NA,NA,1042.76545909912,1043.76545909912,27.6911952921205,0,1750.13364087657,516.958799252197,1751.13364087657,517.958799252197,14.1905952888339,5.11970931351313,38.0880999406179,13.7414954081199,NA,NA,NA,NA,7.04194954182735,0.192110586043704,0.0358274274279781,0.0601079609296001,0.0177790241371921,2.72799698302521,7.04194954182735,0.192110586043704
2020-03-18,22,1,NA,12.1666666666667,1,NA,1.96666666666667,0,NA,NA,1068.15795144603,1069.15795144603,25.3924923469017,0,1785.05996948201,529.559584928103,1786.05996948201,530.559584928103,15.6074923996774,5.63090008366941,34.9263286054452,12.6007856759061,NA,NA,NA,NA,7.74507141638125,0.188613975392206,0.0366990290592098,0.0613068131166779,0.0182115482549462,2.435110611435,7.74507141638125,0.188613975392206
2020-03-19,35,1,NA,15.4285714285714,1,NA,3.26190476190476,0,NA,NA,1106.79168332112,1107.79168332112,38.633731875098,0,1838.19907832924,548.731211272137,1839.19907832924,549.731211272137,17.0142308397321,6.13842578971871,53.1391088472251,19.1716263440336,NA,NA,NA,NA,8.44315214603249,0.305405580990439,0.0380251384959233,0.0631308220922715,0.0188696175994808,3.61685571153567,8.44315214603249,0.305405580990439
2020-03-20,48,1,NA,21.4285714285714,1,NA,6,0,NA,NA,1021.94937573392,1173.46452724907,65.6728439279475,150.515151515152,1673.11911703716,507.132772920592,1929.52937344741,582.320742845404,18.4108200098271,6.64228982330953,90.3302951181749,32.5895315732672,NA,NA,NA,NA,9.13619639585404,0.542176450824486,0.0402793700661539,0.0662314248806484,0.0199882588298208,5.93362282330172,9.13619639585404,0.542176450824486
2020-03-21,57,2,NA,28.4285714285714,1.14285714285714,NA,7,0.142857142857143,NA,NA,1093.05907766342,1244.71708632143,71.2525590723553,0,1770.98122365059,542.348328550483,2027.5343372037,617.679155618152,19.7972687433391,7.14249537136398,98.0049637562906,35.3584127727477,NA,NA,NA,NA,9.82420854932618,0.685099574964113,0.0427251263104982,0.0695954619791655,0.0212019423796457,6.9722200300954,9.82420854932618,0.685099574964113
2020-03-22,65,2,NA,36.5714285714286,1.28571428571429,NA,8.14285714285714,0.142857142857143,NA,NA,1170.41416212659,1322.21502792746,77.4979416060298,0,1877.43359701129,580.663096565505,2134.12956770726,656.136780776031,21.1735828965735,7.63904454673076,106.595230503558,38.4576251578795,NA,NA,NA,NA,10.5071915125854,0.745135455759814,0.0453852563756415,0.073254361449101,0.0225220069232507,7.09000484874922,10.5071915125854,0.745135455759814
2020-03-23,84,2,NA,47,1.42857142857143,NA,10.4285714285714,0.142857142857143,NA,NA,1263.50718753108,1415.4509104748,93.235882547343,0,2005.53286069611,626.787669859675,2262.37168853494,702.404211213058,22.5397678886995,8.13193930454777,128.242120827676,46.2674304370272,NA,NA,NA,NA,11.1851479748434,0.891252689429295,0.0485855939481566,0.0776562941219154,0.0241101443652507,7.9660589870117,11.1851479748434,0.891252689429295
2020-03-24,100,2,NA,58.7142857142857,1.57142857142857,NA,11.7142857142857,0.142857142857143,NA,NA,1362.15169650357,1514.23827659015,98.7873661153467,0,2141.26796164712,675.66711469887,2398.2496466288,751.42651319511,23.8958295319844,8.62118174177567,135.877958093863,49.0223019820519,NA,NA,NA,NA,11.8580808203833,0.927396164134055,0.0519764871411096,0.0823203282114047,0.0257928432429567,7.81850448420318,11.8580808203833,0.927396164134055
2020-03-25,134,3,NA,74.7142857142857,1.85714285714286,NA,16,0.285714285714286,NA,NA,1489.60036736541,1641.9726617377,127.734385147554,0,2316.67563928724,738.768388531491,2573.94303855464,814.813501313446,25.2417735484293,9.10677392280859,175.693391925837,63.3869881183352,NA,NA,NA,NA,12.5259928886943,1.17497903646064,0.0563609917000948,0.0883510338588507,0.0279686124226035,9.37739794146488,12.5259928886943,1.17497903646064
2020-03-26,172,3,NA,94.2857142857143,2.14285714285714,NA,19.5714285714286,0.285714285714286,NA,NA,1637.70799111947,1790.36599977747,148.393338039774,0,2520.49885674522,812.121473573785,2778.05197029834,888.452300641454,26.577604129926,9.58871736000501,204.108931743696,73.6387993280082,NA,NA,NA,NA,13.1888862599633,1.31430261739782,0.0614546183410877,0.0953571077576374,0.0304962767707653,9.96195632673151,13.1888862599633,1.31430261739782
2020-03-27,206,4,NA,116.857142857143,2.57142857142857,NA,22.5714285714286,0.428571428571429,NA,NA,1800.28812113769,1953.37470122427,163.008701446794,0,2744.28204816758,892.584438201517,3002.26373314927,969.343836697757,27.9033254551107,10.0670135609411,224.211762850934,80.8915360563036,NA,NA,NA,NA,13.8467630077993,1.37870032581058,0.0670499198240996,0.103053214763299,0.03327289254429,9.95346559525352,13.8467630077993,1.37870032581058
2020-03-28,266,5,NA,146.714285714286,3,NA,29.8571428571429,0.428571428571428,NA,NA,1984.274035616,2159.29135163331,205.916650409046,21.5021645021645,2990.59617871703,983.741787813739,3285.49361461447,1071.52803915638,29.2189420074325,10.541664143164,283.2298814652,102.184202458624,NA,NA,NA,NA,14.4996253570718,1.65903652298468,0.074118043974433,0.112775128757644,0.0367803827241548,11.4379830645618,14.4996253570718,1.65903652298468
2020-03-29,330,7,NA,184.571428571429,3.71428571428571,NA,37.8571428571429,0.714285714285714,NA,NA,2211.98136300511,2409.21512923888,249.923777605564,21.5021645021645,3297.15458803735,1096.4515464107,3629.25348913625,1195.55036488546,30.5244581042938,11.0126706643141,343.759874521781,124.022325729077,NA,NA,NA,NA,15.1474754502511,1.90852627656952,0.0826967202724759,0.124574745088797,0.0410374702104016,12.5952249094454,15.1474754502511,1.90852627656952
2020-03-30,372,8,NA,225.714285714286,4.57142857142857,NA,41.1428571428571,0.857142857142857,NA,NA,2450.1795911073,2669.77266470038,260.557535461499,21.5021645021645,3618.19643668516,1214.29535025948,3987.63966012839,1324.84959300921,31.8198783858785,11.4800347984855,358.386170992139,129.299228123751,NA,NA,NA,NA,15.7903155899848,1.86065138113701,0.0916404021228188,0.136876411541234,0.045475688271474,11.7793730010236,15.7903155899848,1.86065138113701
2020-03-31,434,9,NA,273.428571428571,5.57142857142857,NA,47.7142857142857,1,NA,NA,2718.11969041669,2960.21492851193,290.442263811551,21.5021645021645,3980.20064261252,1346.82631253761,4387.13104554292,1468.97883670517,33.1052078611746,11.9437583528303,399.491385414534,144.129243695958,NA,NA,NA,1.06615384615385,16.4281482619363,1.94805392809406,0.101609882371482,0.150589021490403,0.0504229491467507,11.8539173563311,16.4281482619363,1.94805392809406
2020-04-01,485,10,NA,323.571428571429,6.57142857142857,NA,50.1428571428571,1,NA,NA,2968.01916440147,3254.11873150104,293.903802989113,43.004329004329,4310.47887378772,1470.4767496815,4791.38363569248,1614.82583668473,34.3804515347484,12.4038431329051,404.252590149559,145.84699997956,NA,NA,NA,1.00434782608696,17.0609759495744,1.84538929959006,0.111698180542881,0.164465060604263,0.055429172299475,10.812761631702,17.0609759495744,1.84538929959006
2020-04-02,553,13,NA,378,8,NA,54.4285714285714,1.42857142857143,NA,NA,3231.28699756695,3561.81946509941,307.700733598373,43.004329004329,4659.30564399764,1600.54521254128,5214.61333630533,1767.51943380873,35.6456147826351,12.860291078286,423.229700612854,152.693597124004,2.35081374321881,100,0.364982002242979,1.2979212448653,17.6888013207061,1.83444677867016,0.122260060710909,0.178992492271871,0.0606704060670677,10.3672084496268,17.6888013207061,1.83444677867016
2020-04-03,629,18,NA,438.428571428571,10,NA,60.4285714285714,2,NA,NA,3494.78160368994,3891.8205647289,330.001099629487,64.5064935064936,5001.74704221353,1730.51031246483,5668.51627298276,1931.27937798577,36.9007034853669,13.3131043105623,453.902936677429,163.759944177039,2.86168521462639,90.9090909090909,0.462508476447548,1.77152405499948,18.3116272934904,1.87071770411049,0.133587404746927,0.194572787999603,0.0662914940849414,10.2126830540886,18.3116272934904,1.87071770411049
2020-04-04,698,18,NA,500.142857142857,11.8571428571429,NA,61.7142857142857,1.85714285714286,NA,NA,3754.44045071901,4217.8430481216,326.022483392702,64.5064935064935,5338.85887461424,1858.64391861674,6116.94678670216,2093.06497124831,38.1457238989979,13.7622850868047,448.430513719391,161.785593262544,2.57879656160458,65.8730158730159,0.426758411696145,1.72452535606379,18.9294569724351,1.76646011404564,0.14477818210195,0.209965241875821,0.0718448121708925,9.32883711670204,18.9294569724351,1.76646011404564
2020-04-05,751,21,NA,560.285714285714,13.8571428571429,NA,60.1428571428572,2,NA,NA,3952.68704247744,4525.60046239086,307.757414269254,107.510822510823,5577.73063972222,1956.3742359018,6540.25444924603,2245.78669562253,39.3806823418837,14.2078356865614,423.307662543873,152.721724374216,2.79627163781625,62.987012987013,0.464026821954711,1.96416254226961,19.5422934929648,1.60240923985342,0.155342007843674,0.22449534960001,0.0770870114111466,8.19715796025785,19.5422934929648,1.60240923985342
2020-04-06,849,24,NA,628.428571428571,16.1428571428571,NA,68.1428571428571,2.28571428571428,NA,NA,4159.56393956714,4863.77606077926,338.175598388406,129.012987012987,5821.66847194434,2058.31529546726,7005.40107267694,2413.60315798069,40.6055855220126,14.6497585299527,465.146623430914,167.816462358156,2.82685512367491,46.1224489795918,0.493443770849819,2.16647230353353,20.1501401838559,1.72448923403021,0.16694994294399,0.240461586793492,0.0828473401075437,8.55558749666269,20.1501401838559,1.72448923403021
2020-04-07,912,34,NA,696.714285714286,19.7142857142857,NA,68.2857142857142,3.57142857142857,NA,NA,4334.51755843925,5192.81625973795,329.040198958688,150.515151515152,6015.26804429774,2143.8390032212,7457.98233001203,2576.88626423086,41.8204404937578,15.0880561620687,452.581257335085,163.283106250176,3.7280701754386,41.0714285714286,0.654750684394825,2.89740330538201,20.7530005457745,1.6421482068397,0.178244303900573,0.255996515652347,0.0884520605822394,7.91044935813462,20.7530005457745,1.6421482068397
2020-04-08,1046,38,NA,776.857142857143,23.7142857142857,NA,80.1428571428572,4,NA,NA,4555.36335036602,5568.17720317987,375.360943441918,150.515151515152,6272.15132367749,2251.92037365102,7974.27586580203,2763.1556045855,43.0252541777807,15.5227310797583,516.293535790001,186.269340354635,3.63288718929254,41.6040100250627,0.682449545217401,3.05290257662512,21.350878013034,1.84949256963663,0.191128632312887,0.273718379337141,0.094845787463538,8.65980904174894,21.350878013034,1.84949256963663
2020-04-09,1116,38,NA,857.285714285714,27.2857142857143,NA,80.4285714285714,3.57142857142857,NA,NA,4703.29138367429,5934.69831008122,366.521106901351,215.021645021645,6407.84280452335,2324.24878545384,8478.41057009112,2945.03825913805,44.2200338599817,15.9537859116422,504.134704289088,181.882654552551,3.40501792114695,41.978021978022,0.640302135248387,2.87396521725851,21.9437762011939,1.76609028876869,0.203709531828056,0.291022889056625,0.101088940606404,8.04592474213724,21.9437762011939,1.76609028876869
2020-04-10,1117,50,NA,927,31.8571428571429,NA,69.7142857142857,4.57142857142857,NA,NA,4707.09501809981,6244.10367610847,309.405366027251,301.030303030303,6318.02521552358,2324.84092197864,8903.98492248329,3098.5777640839,45.4047873469898,16.3812234742105,425.574352392172,153.539504945854,4.4762757385855,37.9251700680272,0.800755442151172,3.53244323981734,22.5316989842205,1.48266879313888,0.21432992379498,0.305630801296506,0.106359210304276,6.57848601728644,22.5316989842205,1.48266879313888
2020-04-11,1275,52,NA,1009.42857142857,36.7142857142857,NA,82.4285714285714,4.85714285714286,NA,NA,4779.3172126202,6600.71115201414,356.60747590567,279.528138528139,6329.33365202293,2359.16922903387,9394.48383517311,3275.54087242807,46.5795228168462,16.8050467179521,490.498912689822,176.963108344167,4.07843137254902,36.7142857142857,0.787793902845343,3.43406984250172,23.1146504203898,1.75166405276956,0.226570536235165,0.322467260143366,0.112433499184368,7.57595660453924,23.1146504203898,1.75166405276956
2020-04-12,1344,63,NA,1094.14285714286,42.7142857142857,NA,84.7142857142857,6,NA,NA,4829.84227384341,6958.26651626765,357.555364253507,301.030303030303,6304.31583331966,2382.2267782123,9886.28652929036,3452.97436145613,47.7442483819334,17.2252585696674,491.802694117245,177.433489028056,4.6875,31.8763326226013,0.905397915597413,3.83684829035625,23.6926345353955,1.77303226370126,0.23884368510458,0.339348471510121,0.118523933961671,7.48130639475762,23.6926345353955,1.77303226370126
2020-04-13,1390,63,NA,1171.42857142857,48.2857142857143,NA,77.2857142857142,5.57142857142857,NA,NA,4798.73457041512,7276.76487344543,318.498357177779,344.034632034632,6153.03092059796,2365.13466329945,10324.367916935,3611.02617779999,48.8989725480725,17.6418620981024,438.081387644603,158.051816343861,4.53237410071942,28.0730897009967,0.865769350744056,3.51883357971668,24.2656555501713,1.60063453026834,0.249776195543818,0.354385689868478,0.123949089517985,6.59438422870754,24.2656555501713,1.60063453026834
2020-04-14,1441,77,NA,1247,54.4285714285714,NA,75.5714285714287,6.14285714285715,NA,NA,4559.3473658919,7581.07463861917,304.309765173744,537.554112554113,5653.27413932091,2245.04563162412,10742.9334799802,3762.03703871327,50.0437042172904,18.0548605149468,418.565563045289,151.010860913286,5.34351145038168,26.4216366158114,1.01568713764867,3.94189604031119,24.8337178822644,1.57528296980783,0.260221680142243,0.368753024218476,0.129132563078105,6.34145858055699,24.8337178822644,1.57528296980783
2020-04-15,1504,77,NA,1312.42857142857,60,NA,65.4285714285713,5.57142857142857,NA,NA,4209.34032568266,7838.69963304197,257.624994422798,602.060606060606,4980.4142665432,2070.56630554822,11097.286061415,3889.88102090805,51.1784522863891,18.4642570300054,354.352581434749,127.843982194772,5.11968085106383,22.5563909774436,0.98230578545741,3.56598473576788,25.3968259466292,1.43548887454405,0.269064702021202,0.38091623702131,0.133520829574431,5.65047963553007,25.3968259466292,1.43548887454405
2020-04-16,1615,80,NA,1383.71428571429,66,NA,71.2857142857144,6,NA,NA,3940.43756053989,8113.35098045331,274.65134741134,537.554112554113,4440.00640888976,1935.90241994568,11475.057690941,4026.17417075127,52.3032260738819,18.8700550052288,377.771629526049,136.293149843221,4.95356037151703,20,0.986029079633508,3.32058349746765,25.9549843674903,1.69408496173034,0.278492156370831,0.393883312644674,0.13819911519154,6.52480736080178,25.9549843674903,1.69408496173034
2020-04-17,1730,84,NA,1471.28571428571,70.8571428571429,NA,87.5714285714284,4.85714285714286,NA,NA,3577.86717645948,8443.7070032993,330.356022845994,688.069264069264,3721.95064140348,1755.83634320545,11929.4488099016,4190.11024223875,53.4180353212342,19.2722579551608,454.391118960602,163.936071487486,4.85549132947977,19.0476190476191,0.994823718624743,3.14633530826967,26.5081979789583,2.22318168808827,0.289831683206798,0.409480365312549,0.143826248809389,8.38373956624073,26.5081979789583,2.22318168808827
2020-04-18,1821,86,NA,1549.28571428571,75.7142857142857,NA,78,4.85714285714285,NA,NA,3130.22236712616,8731.99292989672,288.285926597417,731.073593073594,3130.22236712616,1533.69681376185,12325.9742421874,4333.16942385852,54.5228898396135,19.6708694194927,396.525432285707,143.05918161977,4.72267984623833,17.4456879526004,0.984883985711349,2.90519445637792,27.056471649733,2.18093788263397,0.299727146812761,0.423091168414642,0.14873677962137,8.05747984425441,27.056471649733,2.18093788263397
2020-04-19,1905,93,NA,1629.42857142857,80,NA,80.1428571428571,4.28571428571429,NA,NA,2513.22040857006,9022.36759471725,290.374664820529,903.090909090909,2513.22040857006,1228.37897825926,12986.6586955833,4477.26512219051,55.6177998861637,20.0658930988159,660.68445339595,144.095698331992,4.88188976377953,16.4948453608247,1.03077156881142,2.85791661809161,27.5998104698256,2.56145676742876,0.309694306714527,0.445769274976309,0.153682889046307,9.27648680394296,27.5998104698256,2.56145676742876
2020-04-20,2048,102,NA,1723.42857142857,85.5714285714286,NA,94,5.57142857142857,NA,NA,2003.12976347152,9356.43279377455,334.065199057302,838.584415584415,2297.46469124023,975.251289714116,14715.7027864783,4643.04183751218,56.7027762720506,20.4573328936029,1729.04409089503,165.776715321668,4.98046875,15.4740377163524,1.09015906220015,2.86370494067568,28.1382198041755,3.74233396121383,0.321161151656655,0.505119008334781,0.159373203077738,13.2923160228264,28.1382198041755,3.74233396121383
2020-04-21,2164,109,NA,1826.71428571429,90.1428571428571,NA,103.285714285714,4.57142857142857,NA,NA,1801.17842578703,10083.6459582546,727.213164480017,924.593073593074,2477.4468262763,893.817865428153,16469.2050680345,5021.90594276435,57.7778305182116,20.8451929603989,1753.50228155621,378.864105252168,5.0369685767098,14.3311378605496,1.080958221374,2.80074577404349,28.6717053699396,5.15985650831518,0.346122867574678,0.56530827325975,0.172377778116755,36.3038469968976,28.6717053699396,5.15985650831518
2020-04-22,2331,112,NA,1944.85714285714,95.1428571428571,NA,118.142857142857,5,NA,NA,2022.97518626813,11149.0271343201,1065.38117606551,838.584415584415,2782.51914585627,1003.88242326088,18202.2773876145,5550.30347589246,58.8429752356348,21.2294778490196,1733.07231957997,528.397533128104,4.8048048048048,13.6307818256242,1.00457195637483,2.65538567277601,29.2002734252022,6.55904659979022,0.382692258174714,0.624796276254963,0.190515113574865,59.1491193105972,29.2002734252022,6.55904659979022
2020-04-23,2721,113,NA,2102.85714285714,99.8571428571429,NA,158,4.71428571428572,NA,NA,2657.79116375756,12691.6483066147,1542.62117229463,903.09090909091,3655.68240729911,1318.90388577443,20612.6164732332,6315.16704366917,59.898223708404,21.6101923521214,2410.33908561866,764.863567776711,4.15288496876148,13.2965569716568,0.890349285373012,2.49690623242297,29.7239305620652,7.81006077280166,0.435642993052404,0.707531576521898,0.216769186008414,76.2550713803054,29.7239305620652,7.81006077280166
2020-04-24,2959,118,NA,2278.42857142857,104.714285714286,NA,175.571428571429,4.85714285714285,NA,NA,2902.70912210474,13672.4970008926,980.848694277911,731.073593073594,3992.55698336458,1440.4421207437,22194.9122947199,6801.90398970181,60.9435901807639,21.9873416087694,1582.29582148672,486.736946032648,3.98783372761068,12.3338381288911,0.863046450054414,2.42609854001161,30.2426838491009,6.60570131733703,0.469310791795619,0.761844150500766,0.233476514708055,36.9046563045682,30.2426838491009,6.60570131733703
2020-04-25,3135,120,NA,2466.14285714286,109.571428571429,NA,187.714285714286,4.85714285714286,NA,NA,3051.61563401445,14557.3342487331,884.837247840445,731.07359307359,4197.371764655,1514.33557778161,23645.1483214316,7240.99615780309,61.979091183103,22.3609315828277,1450.23602671166,439.092168101274,3.82775119617225,12.0144110275689,0.824326747944554,2.31088476845232,30.7565414893594,6.466629256915,0.499682981262338,0.811623749497361,0.248548428278005,30.4831524833896,30.7565414893594,6.466629256915
2020-04-26,3277,121,NA,2662.14285714286,113.571428571429,NA,196,4,NA,NA,3134.44410035324,15289.2276501368,731.89340140373,645.064935064936,4311.29891263686,1555.4384257392,24857.6908540288,7604.04744829559,63.0047441147836,22.7309685516706,1212.54253259725,363.051290492504,3.69240158681721,10.8576891559683,0.791406883126091,2.17306302556067,31.2655121171107,6.42256855678032,0.524805347111118,0.853244478762976,0.261010225753063,23.9838003595791,31.2655121171107,6.42256855678032
2020-04-27,3473,126,NA,2865.71428571429,117,NA,203.571428571428,3.42857142857143,NA,NA,3203.87098459243,16200.667521389,911.43987125218,838.584415584415,4406.79273576628,1589.89086453459,26379.6132485868,8055.26143381494,64.020566792495,23.0974589432365,1521.92239455799,451.213985519343,3.62798733083789,10.4838709677419,0.777745730746268,2.12310708003413,31.7696045737193,6.49437390536252,0.556090676164292,0.90548472456408,0.276498222773616,29.0781983047477,31.7696045737193,6.49437390536252
2020-04-28,3652,127,NA,3078.28571428571,119.571428571429,NA,212.571428571428,2.57142857142857,NA,NA,3293.75811021246,16981.1953396497,780.527818260722,688.069264069265,4530.42877920442,1634.49650581972,27673.4104641861,8441.58350904206,65.0265778527382,23.4604094812366,1293.79721559931,386.322075227125,3.47754654983571,10.7046936948459,0.747886102596473,2.03391882306398,32.2688281073738,6.63451948227342,0.582882426667695,0.949894534684078,0.289758793904195,24.3620240020374,32.2688281073738,6.63451948227342
2020-04-29,3839,134,NA,3293.71428571429,122.714285714286,NA,215.428571428572,3.14285714285714,NA,NA,3287.6614239982,17730.817268154,749.621928504352,752.575757575758,4522.04303812731,1631.47108258557,28945.2188623031,8812.64079257483,66.0227979913559,23.8198276323556,1271.80839811703,371.057283532771,3.49049231570722,9.62464985994398,0.755746325583506,2.03008428810146,32.7631929881917,6.54018336862616,0.608613327233317,0.993549574893167,0.302495398456014,22.75886399126,32.7631929881917,6.54018336862616
2020-04-30,4413,134,NA,3535.42857142857,125.714285714286,NA,241.714285714286,3,NA,NA,3634.50507952006,18790.2323522473,1059.41508409329,709.571428571429,4999.11221755146,1803.5889868295,30629.3649648042,9337.50198360716,67.0092486368503,24.1757211276082,1684.14610250108,524.861191032332,3.03648311806028,9.35374149659864,0.713136471587981,1.92576699508021,33.2527098498655,7.35177808853717,0.644977930708717,1.05135817714137,0.320511348368462,32.2239716158154,33.2527098498655,7.35177808853717
2020-05-01,4634,140,NA,3774.71428571429,128.857142857143,NA,239.285714285714,3.14285714285715,NA,NA,3609.54834659878,19499.4920695425,709.259717295165,731.073593073592,4877.78781508206,1792.06803021336,31751.7475220418,9689.4654523401,67.9859518225394,24.5280979162159,1122.38255723755,351.963468732938,3.02114803625378,9.27029804727647,0.717967419359989,1.92393189054235,33.7373896262226,6.58335963719136,0.66932339148964,1.08988414987337,0.332592554470273,19.5146162070799,33.7373896262226,6.58335963719136
2020-05-02,4885,142,NA,4024.71428571429,132,NA,250,3.14285714285714,NA,NA,3716.37857684836,20340.5387500085,841.046680466035,731.073593073595,5024.72840191845,1845.08152793119,33142.3950685851,10105.963375407,68.9529310438421,24.8769664748994,1390.64754654335,416.497923066925,2.90685772773797,9.16030534351145,0.69811326900051,1.87308537072871,34.2172439766435,6.92561236947185,0.698192462261484,1.13761836412364,0.346888916725318,23.3006071593013,34.2172439766435,6.92561236947185
2020-05-03,5156,144,NA,4293.14285714286,135.285714285714,NA,268.428571428571,3.28571428571428,NA,NA,3931.95677609352,21161.4632696,820.924519591474,602.060606060604,5321.24734634279,1952.06018319571,34463.8407529362,10512.9796246565,69.9102103352918,25.2223354748824,1321.44568435108,407.016249249476,2.79286268425136,8.99506079027356,0.680482243431939,1.83703939098529,34.6922848280395,7.22235906483322,0.726370836428892,1.18297721264979,0.360859818909205,22.0893674478032,34.6922848280395,7.22235906483322
2020-05-04,5383,156,NA,4566,139.571428571429,NA,272.857142857143,4.28571428571431,NA,NA,4187.6076051453,21937.4517609895,775.988491389442,516.051948051947,5508.60957100339,2078.49271060916,35531.1809995748,10898.0566203836,70.8578143812363,25.5642138218298,1067.34024663863,385.07699572709,2.8980122608211,8.6421937195931,0.711112674797576,1.92275670528534,35.1625244297864,6.93899070543115,0.753006773763125,1.21961384868143,0.374077652473561,19.7354278182174,35.1625244297864,6.93899070543115
2020-05-05,5648,161,NA,4851.14285714286,144.428571428571,NA,285.142857142857,4.85714285714283,NA,NA,4596.04564706055,22737.7859068008,800.334145811361,387.038961038961,5947.80989012098,2280.0248001525,36632.0076923188,11295.214918305,71.7957697560855,25.9026111033063,1100.82669274396,397.158297921429,2.85056657223796,8.34847233691164,0.708072459912842,1.90674546069742,35.6279759691853,6.80868156696256,0.780478379838247,1.25739991268771,0.387710178796553,19.1119660979695,35.6279759691853,6.80868156696256
2020-05-06,5993,164,NA,5158.85714285714,148.714285714286,NA,307.714285714286,4.28571428571431,NA,NA,4971.37446893678,23590.4480620104,852.66215520956,473.047619047618,6313.60794407482,2465.7024754552,37804.8094092763,11718.3404990857,72.7241035974572,26.2375371100722,1172.8017169575,423.125580780683,2.73652594693809,8.166627441751,0.695196630300984,1.8781508564728,36.0886529130239,6.6946510380886,0.809746153762017,1.29765653167754,0.402234036533161,18.5520819566901,36.0886529130239,6.6946510380886
2020-05-07,6332,165,NA,5433,153.142857142857,NA,274.142857142857,4.42857142857142,NA,NA,5265.56077098043,24340.6083900281,750.160328017675,451.545454545456,6574.76327387695,2610.97000665194,38836.6240797378,12090.6005114855,73.642843177169,26.5690016813044,1031.81467046148,372.260012399749,2.60581174984207,8.0389951256093,0.677879522796143,1.82878826724606,36.5445687946853,5.51395042365724,0.835495534982774,1.33307374624698,0.415011924958499,15.0895961007361,36.5445687946853,5.51395042365724
2020-05-08,6667,168,NA,5723.42857142857,157.142857142857,NA,290.428571428572,4,NA,NA,5573.54567710623,25125.6409152015,785.032525173421,473.047619047622,6847.82526820642,2763.37282795175,39916.4040227852,12480.1655239775,74.5520162528665,26.8970148314579,1079.77994304742,389.565012492074,2.51987400629968,7.67299107142857,0.668639660046868,1.79555610244731,36.9957373886405,5.51512138296138,0.862441910319364,1.3701373769798,0.428383810463875,14.9088114128298,36.9957373886405,5.51512138296138
2020-05-09,6829,174,NA,6001.14285714286,161.714285714286,NA,277.714285714285,4.57142857142858,NA,NA,5837.64181810009,25867.3561038144,741.71518861291,473.047619047618,7060.73461955053,2893.7083995298,40936.6027514187,12848.2347153193,75.4516520934327,27.2215871202146,1020.19872863348,368.069191341745,2.54795724117733,7.47293372062318,0.672662483562988,1.7255663350374,37.4421732192974,4.98224478468227,0.887901410689489,1.40515587236455,0.441017848241531,13.3077798511559,37.4421732192974,4.98224478468227
2020-05-10,6951,174,NA,6257.57142857143,166,NA,256.428571428572,4.28571428571428,NA,NA,6015.68655772496,26544.2363412747,676.880237460362,494.549783549781,7148.26469761761,2981.55766881732,41867.6236719766,13184.1301715026,76.3417803688923,27.5427292519812,931.020920557923,335.895456183336,2.50323694432456,7.12140712140712,0.655509534208901,1.56067428936804,37.883891010127,4.39223391981513,0.911135440301826,1.43711332427526,0.452547517071713,11.5950971051639,37.883891010127,4.39223391981513
2020-05-11,7159,180,NA,6511.28571428571,169.428571428571,NA,253.714285714286,3.42857142857142,NA,NA,6029.27105224197,27206.3143422853,662.078001010523,645.06493506494,7046.46536116816,2988.73064031771,42863.8682915711,13512.6801569665,77.2224309661969,27.8604520094273,996.244619594516,328.549985463869,2.51431764212879,6.22670236782695,0.661611116211489,1.41825549882427,38.3209055922481,4.21710199211557,0.933861380623073,1.47130959078119,0.463825051366467,11.0058593421947,38.3209055922481,4.21710199211557
2020-05-12,7240,184,NA,6738.71428571429,172.714285714286,NA,227.428571428571,3.28571428571431,NA,NA,5881.77523713849,27793.1778345411,586.863492255823,731.073593073586,6609.82213503205,2916.3288502234,43671.0748822848,13803.9056493641,78.093634439821,28.1747664160533,807.206590713693,291.225492397627,2.5414364640884,5.83691401535268,0.662032967569929,1.34576734584756,38.7532321280315,3.77164973167062,0.954005570101303,1.49901709469988,0.47382141606995,9.73357288419799,38.7532321280315,3.77164973167062
2020-05-13,7518,188,NA,6956.57142857143,176.142857142857,NA,217.857142857143,3.42857142857142,NA,NA,5789.31087094618,28349.2069748423,556.029140301202,645.06493506494,6397.76522191173,2870.8760712966,44557.0619252084,14079.8298844008,78.9554215229326,28.4856835598283,885.987042923647,275.924235036686,2.50066507049747,5.61859193438141,0.663157880101674,1.29144523844647,39.180885868523,3.70348191214514,0.973091365189001,1.52942875107896,0.483292562504447,9.45342380290805,39.180885868523,3.70348191214514
2020-05-14,7705,189,NA,7152.71428571429,179.571428571429,NA,196.142857142857,3.42857142857144,NA,NA,5614.57689292705,28844.4686678188,495.261692976528,666.567099567095,5979.84960244821,2784.66973633973,45273.677441276,14325.5988448252,79.8078230888548,28.7932145792873,716.615516067613,245.768960424442,2.45295262816353,5.47975064300972,0.655238278702854,1.23616447033745,39.6038821343189,3.38757296664575,0.990091307281633,1.55402670090749,0.491728623994023,8.55476073088444,39.6038821343189,3.38757296664575
2020-05-15,7886,193,NA,7326.85714285714,183.142857142857,NA,174.142857142858,3.57142857142856,NA,NA,5444.06011490264,29279.5839244265,435.115256607638,602.060606060608,5566.20485809474,2700.2682847315,45885.245151135,14541.5207014877,80.6508705670796,29.0973708136207,611.56770985898,215.921856662439,2.44737509510525,5.27333305910904,0.65916237231428,1.19130893677801,40.0222365220094,3.10118126805844,1.00502671268619,1.57501886686897,0.499140178555682,7.74974258800826,40.0222365220094,3.10118126805844
2020-05-16,7939,195,NA,7485.42857142857,186.142857142857,NA,158.571428571428,3,NA,NA,5229.25600346625,29755.8490770593,476.265152632866,688.069264069265,5270.75063960627,2593.67376326682,46760.3806762363,14777.0711853936,81.4845955010699,29.3981636431377,875.135525101279,235.55048390589,2.45622874417433,5.09701142231263,0.655333341337377,1.14832905516781,40.4359646847415,2.91230014496176,1.02137459529111,1.60505804304776,0.507225489095702,8.74834484889562,40.4359646847415,2.91230014496176
2020-05-17,7953,195,NA,7628.57142857143,189.142857142857,NA,143.142857142857,3,NA,NA,5020.74933390426,30195.4073425623,439.558265502947,645.064935064936,5020.74933390426,2490.20428814583,47571.203714592,14994.5501528075,82.3090294018674,29.6956044364503,810.823038355687,217.478967413919,2.4519049415315,4.92687827931381,0.645793573134334,1.09978010066256,40.8450822595733,2.73692207157605,1.03646250773388,1.63288968214865,0.514690491749516,8.4057515105702,40.8450822595733,2.73692207157605
2020-05-18,8303,198,NA,7792,191.714285714286,NA,163.428571428572,2.57142857142858,NA,NA,5249.45518628741,30942.7365715688,747.329229006522,516.051948051943,5298.53378460579,2603.69741789987,48764.0429421149,15364.9734651609,83.1242038402079,29.9897045837072,1192.83922752294,370.423312353401,2.38468023605926,4.34430740345084,0.639891690064443,1.05373896548075,41.2496049131859,3.25454731180435,1.06211471099816,1.67383409210662,0.52740533513246,14.8848145825552,41.2496049131859,3.25454731180435
2020-05-19,8353,199,NA,7951,193.857142857143,NA,159,2.14285714285714,NA,NA,5177.26803213609,31367.2420581101,424.505486541322,494.549783549788,5199.24332376653,2567.87522110298,49506.1004666237,15575.0545981169,83.9301506329249,30.2804755638447,742.057524508746,210.081132956057,2.38237758889022,4.18336518897589,0.63441981807434,1.02053940323313,41.6495484343838,3.02841701238373,1.07668593423538,1.69930534321476,0.534616405856593,8.08665797643559,41.6495484343838,3.02841701238373
2020-05-20,8507,202,NA,8092.28571428571,195.857142857143,NA,141.285714285715,2,NA,NA,4995.25117531486,31703.2771493408,336.035091230719,516.051948051947,4995.25117531486,2478.27072287375,50069.3508514805,15741.8088539156,84.7269016367819,30.5679288702052,563.250384856823,166.754255798704,2.37451510520748,4.00935809328849,0.637158105291332,0.993090706606359,42.0449286317865,2.7285373363779,1.08822039606238,1.71863900875362,0.540340274131647,6.49058710394938,42.0449286317865,2.7285373363779
2020-05-21,8625,204,NA,8223.71428571429,198,NA,131.428571428572,2.14285714285714,NA,NA,4863.63485119749,32089.8556304183,386.578481077438,516.051948051951,4863.63485119749,2412.95735902603,50766.1531770353,15932.9971012387,85.5144887170797,30.8520759992108,696.802325554825,191.188247323065,2.36521739130435,3.84018619084562,0.635714919847213,0.964016511528581,42.4357613182501,2.63063258323782,1.10148976836751,1.74255686743809,0.546902843333699,7.73891977620268,42.4357613182501,2.63063258323782
2020-05-22,8909,205,NA,8369.85714285714,199.714285714286,NA,146.142857142857,1.71428571428572,NA,NA,5021.47248036617,32786.9616578553,697.106027437076,537.554112554109,5021.47248036617,2491.28279906463,51897.1461155934,16277.9938624373,86.2929439083234,31.1329285083299,1130.99293855808,344.996761198636,2.30104388820294,3.71009261962262,0.625248542817887,0.934474989317327,42.8220623905966,3.00429994088012,1.12541805167089,1.78137839297767,0.558744916011022,14.3330255819974,42.8220623905966,3.00429994088012
2020-05-23,8946,205,NA,8513.71428571429,201.142857142857,NA,143.857142857143,1.42857142857142,NA,NA,4979.9406601402,33198.4038636034,411.442205748062,451.545454545456,4979.9406601402,2470.67302361415,52607.6801461029,16481.3765681899,87.062299246773,31.4104979556639,710.534030509501,203.382705752532,2.29152693941426,3.56131121003642,0.617499566672688,0.901582945851755,43.2038477465189,2.86436510772691,1.13954087556657,1.80576759477704,0.565726062078783,8.19365648934235,43.2038477465189,2.86436510772691
2020-05-24,9004,205,NA,8663.85714285714,202.571428571429,NA,150.142857142857,1.42857142857144,NA,NA,5037.6428707847,33709.0801002219,510.676236618521,451.545454545452,5037.6428707847,2499.30720333247,53454.7065037017,16734.0032291112,87.8225867059684,31.6847958766858,847.026357598741,252.626660921327,2.2767658818303,3.38013396581726,0.608144747321806,0.86899578787623,43.5811332525858,3.01445113725002,1.15706992449911,1.83484191898648,0.574397515307694,10.2546650948275,43.5811332525858,3.01445113725002
2020-05-25,9125,207,NA,8781.28571428571,203.857142857143,NA,117.428571428571,1.28571428571428,NA,NA,4916.48101500103,33976.2429197629,267.162819541016,387.038961038965,4916.48101500103,2391.45567017238,53822.1779712114,16866.5802673797,88.5738382469918,31.9558338023741,367.471467509786,132.577038268475,2.26849315068493,3.21947477664471,0.609249234792804,0.850430674053343,43.9539347691839,2.33063722462853,1.1662403338522,1.84745543979164,0.57894824476111,5.30332987855093,43.9539347691839,2.33063722462853
2020-05-26,9199,210,NA,8902.14285714286,205.428571428571,NA,120.857142857143,1.57142857142856,NA,NA,4944.05768787653,34327.9234887423,351.680568979391,322.532467532466,4944.05768787653,2405.14033490758,54408.9876711584,17118.9792178292,89.3160859676887,32.2236233130492,586.809699946978,252.398950449493,2.28285683226438,3.08127450770319,0.611746877345693,0.835799575058586,44.3222682245673,2.45777893097333,1.17831182937172,1.86759778283969,0.587611881789233,7.15309523023383,44.3222682245673,2.45777893097333
2020-05-27,9291,213,NA,9014.14285714286,207,NA,112,1.57142857142858,NA,NA,4892.09290120123,34578.5604336688,250.636944926431,301.030303030304,4892.09290120123,2350.4516203768,54769.7957300974,17313.8619318698,90.0493619419179,32.4881759803775,360.808058938972,194.882714040643,2.2925411688731,3.03119051105579,0.615988628007209,0.823431660913313,44.6861495350871,2.26495545639873,1.1869149852597,1.87998258100903,0.594301264191564,5.06945834270958,44.6861495350871,2.26495545639873
2020-05-28,9371,214,NA,9120.71428571429,208.428571428571,NA,106.571428571429,1.42857142857142,NA,NA,4821.83660256061,34832.2651739892,253.70474032042,322.532467532466,4821.83660256061,2315.58759247995,55221.8973453162,17546.7121896873,90.7736981540381,32.7495033437352,452.101615218831,232.850257817438,2.28364102016861,2.99854080605052,0.614372906645771,0.806201381153477,45.0455945726806,2.17805548058772,1.19562344374788,1.89550104607043,0.602293889010496,5.18601640328874,45.0455945726806,2.17805548058772
2020-05-29,9662,215,NA,9228.28571428571,209.857142857143,NA,107.571428571428,1.42857142857144,NA,NA,4823.59938336872,35106.5993833687,274.334209379536,271.142857142859,4823.59938336872,2316.46235588848,55663.5967030737,17820.1583816672,91.4891264611975,33.0076168966033,441.699357757519,273.446191979961,2.22521217139309,2.93137509229142,0.612420467309213,0.790257722141501,45.4006191461582,2.23052281472624,1.20504001228047,1.91066245187006,0.611679976194369,5.68941322553013,45.4006191461582,2.23052281472624
2020-05-30,9690,215,NA,9334.57142857143,211.285714285714,NA,106.285714285716,1.42857142857142,NA,NA,4800.46922445155,35368.6120815944,262.012698225684,283.714285714283,4800.46922445155,2304.98423191455,55998.0824873315,18082.1710798929,92.1956786396512,33.2625281032782,334.485784257733,262.012698225684,2.218782249742,2.91831097079716,0.607883621511641,0.773571130584428,45.7512390241878,2.20305822248732,1.21403364284092,1.92214373347094,0.620673606754813,5.43189177627557,45.7512390241878,2.20305822248732
2020-05-31,9700,215,NA,9434,212.714285714286,NA,99.4285714285706,1.42857142857144,NA,NA,4717.36835653373,35593.2254993909,224.61341779647,306.285714285717,4717.36835653373,2263.74620723353,56294.7580095193,18306.7844976894,92.8933863697214,33.5142483934454,296.675522187805,224.61341779647,2.21649484536082,2.82939991639114,0.604047531471064,0.758398639477978,46.0974699278317,2.07085485288564,1.2217435367211,1.93232717137663,0.628383500634994,4.67898880910194,46.0974699278317,2.07085485288564
2020-06-01,9920,217,NA,9547.57142857143,214.142857142857,NA,113.571428571429,1.42857142857142,NA,NA,4861.70181592023,36011.8446730631,418.619173672218,272.857142857145,4861.70181592023,2335.3703299366,56823.0959320073,18652.6943346782,93.5822811791353,33.7627891417368,528.337922488005,345.909836988787,2.1875,2.77927134513767,0.602579517850459,0.752310616288462,46.439327502428,2.40708076377117,1.23611271126501,1.95046246068935,0.640256914794566,8.87399800128846,46.439327502428,2.40708076377117
2020-06-02,9965,222,NA,9657,215.857142857143,NA,109.428571428571,1.71428571428572,NA,NA,4808.5960073071,36249.3102930214,237.465619958297,288.857142857138,4808.5960073071,2309.01707152708,57153.1243370446,18890.1599546365,94.2623945125641,34.0081616928193,330.028405037352,237.465619958297,2.22779729051681,2.73721966595413,0.61242544535458,0.758207495615389,46.7768273520995,2.25042912468044,1.24426375917671,1.96179074198815,0.648407962706267,4.88441350270983,46.7768273520995,2.25042912468044
2020-06-03,10092,226,NA,9771.42857142857,217.714285714286,NA,114.428571428571,1.85714285714286,NA,NA,4853.39138338889,36572.1056691032,322.795376081784,276.142857142859,4853.39138338889,2331.24635589849,57617.9546512314,19190.3892390079,94.9337577481696,34.2503773673643,464.830314186729,300.229284371409,2.23939754260801,2.74233890558365,0.617957308897664,0.759514539191012,47.1099850479639,2.37924223315199,1.25534376552281,1.97774612181287,0.658713384105107,6.71288200529357,47.1099850479639,2.37924223315199
2020-06-04,10167,227,NA,9885.14285714286,219.571428571429,NA,113.714285714286,1.85714285714286,NA,NA,4837.44447016209,36813.0158987335,240.910229630339,255,4837.44447016209,2323.33285008669,57962.7492658544,19431.2994686382,95.5964022017876,34.4894474635572,344.794614622995,240.910229630339,2.23271368151864,2.76086292683803,0.61662972852982,0.751769954366635,47.4388161302104,2.34257085505212,1.26361305024908,1.9895812557745,0.666982668831379,4.96375030571144,47.4388161302104,2.34257085505212
2020-06-05,10306,232,NA,9977.14285714286,222,NA,92,2.42857142857142,NA,NA,4775.34654570881,37005.6322599945,192.616361261018,252.285714285717,4775.34654570881,2206.49077368818,58227.6851467549,19569.171677954,96.2503590973281,34.7253832464182,264.935880900579,137.872209315774,2.25111585484184,2.67373238588462,0.62693159346667,0.74977208128763,47.7633360934109,1.90149324757594,1.27022463970566,1.99867522507889,0.671715155934238,3.9817792731079,47.7633360934109,1.90149324757594
2020-06-06,10361,233,NA,10073,224.571428571429,NA,95.8571428571431,2.57142857142858,NA,NA,4809.04141371552,37267.8985565727,262.266296578127,225.999999999996,4809.04141371552,2223.21153525541,58641.4742749736,19814.4638680926,96.8956596020031,34.9581959605119,413.78912821861,245.292190138665,2.24881768169096,2.68851225393785,0.625202946837225,0.742813153825735,48.0835604040016,2.00696801837242,1.27922697507281,2.01287860748871,0.680134852202428,5.49208929797573,48.0835604040016,2.00696801837242
2020-06-07,10406,233,NA,10173.8571428571,227.142857142857,NA,100.857142857143,2.57142857142856,NA,NA,4854.18803964205,37532.0451824992,264.146625926536,216.428571428572,4854.18803964205,2245.61512406106,59071.0148250988,20055.8674568983,97.532334767796,35.1878968088306,429.540550125283,241.403588805646,2.239092831059,2.67007002636484,0.620802833597369,0.73493979471723,48.3995044712371,2.0968601081897,1.28829385306559,2.02762266014233,0.688421071566549,5.49270848808211,48.3995044712371,2.0968601081897
2020-06-08,10544,236,NA,10263,229.857142857143,NA,89.1428571428569,2.71428571428572,NA,NA,4819.45496488989,37715.048038483,183.002855983774,215.021645021643,4819.45496488989,2182.63771548148,59322.727724979,20190.3186197473,98.1604154048217,35.4144969071047,251.7128998802,134.451162848993,2.23823975720789,2.66501035196687,0.625744927486755,0.735434907274227,48.7111835843476,1.83608101436084,1.29457545731366,2.03626274836763,0.693036130665877,3.76999931789351,48.7111835843476,1.83608101436084
2020-06-09,10609,237,NA,10355,232,NA,92,2.14285714285714,NA,NA,4842.85973032198,37998.6216350839,283.573596600916,258.025974025975,4842.85973032198,2194.25211035755,59794.9090279749,20376.5044431948,98.7799322234567,35.6380073350809,472.181302995901,186.1858234475,2.233952304647,2.60410820518577,0.623706834095212,0.722848315355314,49.0186129830687,1.90857947247409,1.30430916938867,2.05247045213715,0.699426990815092,5.88393498158551,49.0186129830687,1.90857947247409
2020-06-10,10750,240,NA,10449,234,NA,94,2,NA,NA,4857.36601378755,38294.6560570776,296.034421993711,279.528138528141,4857.36601378755,2203.31795357748,60291.1951574435,20544.284572129,99,35.8584391589757,496.286129468535,167.780128934213,2.23255813953488,2.61569416498994,0.62671929901207,0.722926321958269,49.3218078885263,1.94064748661314,1.31447060142084,2.06950555818712,0.705186072360514,6.11280190793444,49.3218078885263,1.94064748661314
2020-06-11,10823,243,NA,10542.7142857143,236.285714285714,NA,93.7142857142862,2.28571428571428,NA,NA,4848.74546171597,38567.8493578199,273.193300742285,279.528138528141,4848.74546171597,2201.87495213448,60755.9569903276,20686.4129992574,99,36.07580340777,464.761832884127,142.128427128428,2.24521851612307,2.62423050072983,0.630058465914253,0.720874017557068,49.6207834706294,1.92897192494275,1.32384800806984,2.08545858737944,0.710064654865813,5.62430955309587,49.6207834706294,1.92897192494275
2020-06-12,10973,243,NA,10638,237.857142857143,NA,95.2857142857138,1.57142857142858,NA,NA,4858.90983507092,38945.121956283,377.272598463162,365.536796536791,4858.90983507092,2209.81146007099,61391.7911475802,20876.0917198685,99,36.2901110200815,635.834157252648,189.678720611046,2.2145265652055,2.60665362035225,0.623954908326578,0.715205623452422,49.915554774997,1.9648044567679,1.33679795436685,2.10728370328706,0.716575409305982,7.7808291122307,49.915554774997,1.9648044567679
2020-06-13,11020,245,NA,10732.1428571429,239.571428571429,NA,94.1428571428569,1.71428571428572,NA,NA,4842.00393054788,39316.9692985132,371.847342230205,387.038961038961,4842.00393054788,2204.03945429898,62027.0212878817,21062.8030653317,99,36.5013729043216,635.230140301406,186.711345463231,2.22323049001815,2.60432034537916,0.623140604098558,0.713704690236642,50.2061368057,1.93717860431687,1.34956167781823,2.12908808620978,0.722984308088029,7.65289653136315,50.2061368057,1.93717860431687
2020-06-14,11101,245,NA,10831.4285714286,241.285714285714,NA,99.2857142857138,1.71428571428569,NA,NA,4887.61270767664,39751.3313223953,434.362023882015,387.038961038961,4887.61270767664,2230.013480273,62748.2378010135,21281.2604425409,99,36.7095999463863,721.216513131876,218.457377209248,2.20700837762364,2.59698325568523,0.616331558842586,0.708531520477776,50.4925445358408,2.05013590862421,1.36447122838099,2.15384396604738,0.730482894824964,8.97070779190521,50.4925445358408,2.05013590862421
2020-06-15,11319,246,NA,10942.1428571429,242.714285714286,NA,110.714285714286,1.42857142857144,NA,NA,4994.6892067208,40268.3775184091,517.046196013849,408.541125541124,4994.6892067208,2287.73353799307,63590.2021021306,21541.7764186284,99,36.9148029746684,841.964301117099,260.515976087416,2.17333686721442,2.59005747214049,0.610901196323439,0.706241752499344,50.7747928594279,2.2647929950444,1.38221892725635,2.1827445343046,0.739425150142702,10.578706352935,50.7747928594279,2.2647929950444
2020-06-16,11411,246,NA,11056.7142857143,244,NA,114.571428571429,1.28571428571428,NA,NA,5026.52616989202,40624.0326633985,355.655144989403,322.532467532466,5026.52616989202,2307.21405747359,64182.5859418303,21721.516873662,99,37.1169927972208,592.383839699636,179.740455033687,2.15581456489352,2.52535706892983,0.605552880577613,0.700722953293332,51.0528966424936,2.29345795314933,1.39442685077539,2.20307821065049,0.745594771921669,7.12066617700331,51.0528966424936,2.29345795314933
2020-06-17,11644,247,NA,11184.4285714286,245,NA,127.714285714284,1,NA,NA,5148.56762915799,41048.1044256948,424.071762296269,301.030303030304,5148.56762915799,2373.59212385164,64862.2694612269,21937.2708798897,99,37.3161802191356,679.683519396604,215.754006227678,2.12126417038818,2.52837977296182,0.601733023865009,0.698359323318025,51.3268707469977,2.54035788840259,1.40898318635392,2.22640846339347,0.753000564988523,8.43667670202101,51.3268707469977,2.54035788840259
2020-06-18,11753,251,NA,11317.2857142857,246.142857142857,NA,132.857142857143,1.14285714285714,NA,NA,5191.8976884031,41436.6119741174,388.507548422596,344.034632034629,5191.8976884031,2399.56614982567,65506.8059041078,22133.9602656919,99,37.5123760403916,644.536442880933,196.689385802176,2.13562494682209,2.53755522827688,0.605744504779451,0.70519037394994,51.5967300278666,2.58002116111796,1.42231877422473,2.2485322867397,0.759751961707248,7.54593464446992,51.5967300278666,2.58002116111796
2020-06-19,12021,254,NA,11467,247.714285714286,NA,149.714285714286,1.57142857142858,NA,NA,5347.81804344623,41830.6275672558,394.015593138371,236.523809523816,5347.81804344623,2484.70323496276,66124.1983410172,22337.2498749966,99,37.7055910557223,617.392436909438,203.289609304651,2.11296897096747,2.4971198156682,0.607210588919843,0.705323490940169,51.8624893328121,2.88311831022671,1.43584342666996,2.26972438745076,0.766729912223555,7.58904771984365,51.8624893328121,2.88311831022671
2020-06-20,12097,256,NA,11620.8571428571,249.285714285714,NA,153.857142857143,1.57142857142856,NA,NA,5383.39495640396,42125.8018828109,295.174315555145,258.025974025979,5383.39495640396,2511.36368478863,66608.3103853082,22492.6611304078,99,37.8958360546873,484.112044290945,155.411255411254,2.11622716375961,2.50161278761379,0.607703565411437,0.706220333381858,52.1241635024295,2.87652450763615,1.44597533540191,2.28634161595036,0.772064430075433,5.51952802352508,52.1241635024295,2.87652450763615
2020-06-21,12136,257,NA,11768.7142857143,251,NA,147.857142857143,1.71428571428572,NA,NA,5405.92303205562,42408.0702182028,282.268335391913,258.025974025964,5405.92303205562,2531.82067141103,66996.5588684474,22642.0117797585,99,38.0831218351745,388.248483139265,149.35064935065,2.11766644693474,2.48711850971066,0.606016729074571,0.702721364542919,52.3817673887696,2.74607554151811,1.45566424416327,2.29966831136113,0.777190916590469,5.24331463096783,52.3817673887696,2.74607554151811
2020-06-22,12428,258,NA,11927.1428571429,252.714285714286,NA,158.428571428571,1.71428571428572,NA,NA,5499.54592785419,42718.4290447373,310.358826534502,215.021645021654,5499.54592785419,2585.21172480208,67491.919390667,22803.0999330421,99,38.2674592401474,495.360522219547,161.088153283639,2.07595751528806,2.48563278955725,0.603954793678875,0.700839074716712,52.6353159058826,2.93014653979241,1.46631736382475,2.31667164578439,0.782720294930176,5.74108851891085,52.6353159058826,2.93014653979241
2020-06-23,12537,260,NA,12088,254.714285714286,NA,160.857142857143,2,NA,NA,5608.1914814188,43022.5940788214,304.165034084086,193.519480519477,5608.1914814188,2639.40797299832,67910.2858820525,22965.5818955241,99,38.4488591149886,418.366491385532,162.481962481961,2.07386137034378,2.47151451304372,0.604333619501548,0.702595751298855,52.8848239711459,2.92442355480631,1.47675788050383,2.33103214696571,0.788297516008369,5.53072995615049,52.8848239711459,2.92442355480631
2020-06-24,12930,261,NA,12271.7142857143,256.714285714286,NA,183.714285714286,2,NA,NA,5816.26924595807,43383.1869948758,360.592916054426,150.515151515152,5816.26924595807,2754.84808843844,68453.8985435084,23188.3077252499,99,38.6273323095531,543.61266145586,222.725829725834,2.01856148491879,2.47769796075944,0.601615552197278,0.70033463143569,53.130306508089,3.27527111858094,1.48913529385696,2.34969174429905,0.795942618106043,6.42975399911275,53.130306508089,3.27527111858094
2020-06-25,13107,262,NA,12465.1428571429,258.285714285714,NA,193.428571428571,1.57142857142856,NA,NA,6005.097825518,43745.6043190245,362.417324148679,172.017316017314,6005.097825518,2850.3733409637,68952.388663446,23383.6901206323,99,38.8028897047677,498.490119937647,195.382395382396,1.99893186846723,2.48208451168282,0.598917317701927,0.69807013906657,53.3717784829788,3.32510500761261,1.50157533032912,2.36680250269782,0.802649152155665,6.23109606558423,53.3717784829788,3.32510500761261
2020-06-26,13462,265,NA,12671,259.857142857143,NA,205.857142857143,1.57142857142856,NA,NA,6150.99811839648,44129.5998499982,383.99553097372,236.523809523816,6150.99811839648,2940.15732473265,69503.7187453035,23591.6266285688,99,38.9755421812631,551.330081857464,207.936507936509,1.96850393700787,2.46450249295469,0.600503972165546,0.702637312644026,53.6092548616754,3.42749044551962,1.51475604243134,2.38572700180288,0.809786608260174,6.39449251504235,53.6092548616754,3.42749044551962
2020-06-27,13617,268,NA,12888.1428571429,261.571428571429,NA,217.142857142857,1.71428571428572,NA,NA,6316.05081829653,44532.8906451364,403.290795138135,236.523809523795,6316.05081829653,3041.19816275845,70058.4286430999,23810.962847905,99,39.1453006347027,554.70989779642,219.336219336219,1.96812807520012,2.46556158517701,0.601802389464403,0.705288740664628,53.8427506307154,3.52964418892862,1.52859906776737,2.40476751366656,0.817315361403028,6.55650981150471,53.8427506307154,3.52964418892862
2020-06-28,13847,269,NA,13132.5714285714,263.285714285714,NA,244.428571428572,1.71428571428572,NA,NA,6559.7989953217,45036.3790819018,503.488436765438,258.025974025979,6559.7989953217,3179.00480056509,70833.2546726409,24077.6631484399,99,39.3121760574676,774.826029540942,266.700300534892,1.94265905972413,2.44916943521595,0.597294910212042,0.702447880976029,54.072280909667,3.86935042768042,1.54588139424387,2.43136354929956,0.826469894712342,7.97157038868206,54.072280909667,3.86935042768042
2020-06-29,14209,273,NA,13387,265.428571428571,NA,254.428571428571,2.14285714285717,NA,NA,6768.20952906695,45504.9584468159,468.579364914076,258.025974025979,6768.20952906695,3306.68112340682,71477.766312268,24334.6617054385,99,39.4761794489515,644.51163962709,256.998556998555,1.92131747483989,2.45244914929845,0.599934621012939,0.707843461706136,54.2978608277435,3.87801194813781,1.56196546087431,2.45348652126986,0.835291414019857,7.14319699808265,54.2978608277435,3.87801194813781
2020-06-30,14370,273,NA,13648.8571428571,267.285714285714,NA,261.857142857143,1.85714285714283,NA,NA,6945.62200622779,45985.2583698642,480.299923048289,301.030303030304,6945.62200622779,3420.95020520222,72138.3990974385,24599.1638699406,99,39.6373217822602,660.632785170514,264.502164502166,1.89979123173278,2.43584903203968,0.593668513949042,0.700986378490353,54.5195054780008,3.8683465484165,1.57845183766199,2.47616285431088,0.844370495934892,7.09641037242685,54.5195054780008,3.8683465484165
2020-07-01,14830,277,NA,13920.2857142857,269.571428571429,NA,271.428571428571,2.28571428571428,NA,NA,7138.18159606768,46481.1339770201,495.875607155904,301.030303030304,7138.18159606768,3544.45882523716,72820.4555953334,24873.3341441109,99,39.7956140387622,682.056497894941,274.170274170272,1.86783546864464,2.44620171117449,0.595940710347013,0.704530397286941,54.7372299648592,3.90732712581373,1.59547285246355,2.49957455994559,0.85378143736346,7.13939812318144,54.7372299648592,3.90732712581373
2020-07-02,15002,280,NA,14191,272.142857142857,NA,270.714285714286,2.57142857142861,NA,NA,7391.732609658,46973.7802287056,492.646251685554,236.523809523802,7391.732609658,3698.75507451837,73498.0702476308,25146.7829175597,99,39.9510672911878,677.614652297416,273.448773448774,1.86641781095854,2.45151659438661,0.596077212940364,0.704378924391527,54.9510495184039,3.79192427971267,1.61238301908773,2.52283379847249,0.863167613156689,6.90156512629134,54.9510495184039,3.79192427971267
2020-07-03,15659,282,NA,14504.8571428571,274.571428571429,NA,313.857142857143,2.42857142857139,NA,NA,7773.42131518076,47594.4213151808,620.641086475145,236.523809523809,7782.10398988285,3916.64829241159,74426.8549056338,25483.6858024776,99,40.1036926100794,928.784658002944,336.902884917923,1.80088128232965,2.42575694470738,0.592506416103967,0.700301371395162,55.1609793657104,4.24544368783351,1.63368663024929,2.55471449028954,0.874731862150033,8.39642231733625,55.1609793657104,4.24544368783351
2020-07-04,15911,283,NA,14832.5714285714,276.714285714286,NA,327.714285714286,2.14285714285717,NA,NA,8105.14671735677,48186.3155485256,591.894233344836,258.025974025979,8156.24114701661,4118.3505892793,75240.9810737565,25814.7103335021,99,40.2535010599078,814.126168122777,331.02453102453,1.77864370561247,2.42497840429661,0.587303670717483,0.696631972371807,55.3670347255034,4.21524710512763,1.65400350077354,2.58265950988313,0.886094335643262,7.61433362924665,55.3670347255034,4.21524710512763
2020-07-05,16081,284,NA,15151.7142857143,278.857142857143,NA,319.142857142857,2.14285714285711,NA,NA,8419.29365723576,48760.6313195734,574.315771047826,258.025974025972,8506.19985241842,4311.394877489,76030.9287901474,26137.0768558687,99,40.4005037954901,789.947716390816,322.366522366523,1.76605932466886,2.39485694655739,0.582437085645356,0.691871169140335,55.5692309407746,3.93700177149405,1.67371698758093,2.60977459999668,0.897159621512431,7.08581585349908,55.5692309407746,3.93700177149405
2020-07-06,16638,285,NA,15498.7142857143,280.571428571429,NA,347,1.71428571428572,NA,NA,8717.2721812469,49382.8565968313,622.225277257894,322.532467532474,8835.68762667026,4501.21142101231,76909.4385424212,26487.5819063737,99,40.5447119543895,878.509752273836,350.505050505049,1.71294626758024,2.38723243913408,0.577123357457388,0.687797545267504,55.7675833307841,4.12094191928796,1.69507497636133,2.63992959709874,0.909190767159795,7.39046887529737,55.7675833307841,4.12094191928796
2020-07-07,16860,289,NA,15854.4285714286,282.857142857143,NA,355.714285714284,2.28571428571428,NA,NA,9071.0925170582,50018.4907854565,635.634188625154,279.528138528127,9233.35725625098,4720.45540760216,77783.727219621,26846.8892656811,99,40.6861366263591,874.288677199758,359.307359307357,1.7141162514828,2.35302506328211,0.577786325540295,0.690881339361554,55.9621071490312,4.08004033877289,1.71689322831169,2.66993970507885,0.921524053558286,7.29166389908723,55.9621071490312,4.08004033877289
2020-07-08,17332,289,NA,16211.8571428571,284.571428571429,NA,357.428571428572,1.71428571428572,NA,NA,9361.87189213257,50655.0190782798,636.528292823285,344.034632034636,9523.36657948371,4910.20758024155,78659.2457003628,27207.92822672,99,40.824788886889,875.518480741885,361.038961038965,1.66743595661205,2.35241323114349,0.570525893107243,0.686040353140255,56.1528176293967,3.93980556117784,1.73874217054117,2.69999202627533,0.933916777481591,7.01710727375222,56.1528176293967,3.93980556117784
2020-07-09,17785,293,NA,16609.4285714286,286.428571428571,NA,397.571428571429,1.85714285714289,NA,NA,9707.57026752992,51389.6135575732,734.594479293461,387.038961038968,9998.8604732121,5119.16867345076,79793.3659677176,27609.5155283073,99,40.9606798854296,1134.12026735477,401.5873015873,1.6474557211133,2.36015632357096,0.570154122042081,0.690906231979958,56.3397301074911,4.24618120890653,1.76395725134926,2.73892089790931,0.947701330110909,7.84666237433554,56.3397301074911,4.24618120890653
2020-07-10,18303,293,NA,16987.1428571429,288,NA,377.714285714286,1.57142857142856,NA,NA,10008.7125281332,52057.8640432848,668.250485711542,365.536796536791,10296.1580454041,5318.9560423058,80712.517019763,27991.0451098369,99,41.0938207461925,919.151052045418,381.529581529583,1.6008304649511,2.31734792404248,0.562835232264578,0.685886645534537,56.5228598842097,3.89045690289982,1.78689506326077,2.77047091455858,0.960797398077821,6.8838078663898,56.5228598842097,3.89045690289982
2020-07-11,18687,295,NA,17383.7142857143,289.714285714286,NA,396.571428571428,1.71428571428572,NA,NA,10383.8588730488,52757.2571414471,699.393098162291,322.532467532474,10709.1225016825,5558.84473590126,81674.5034540635,28391.6223104141,99,41.2242225494396,961.98643430043,400.577200577198,1.57863755551988,2.31087409838307,0.55916477842864,0.685686222126756,56.7022221999969,3.96179339601995,1.81090185065692,2.80349126301056,0.974547278817666,6.98784280392092,56.7022221999969,3.96179339601995
2020-07-12,18981,297,NA,17798,291.571428571429,NA,414.285714285714,1.85714285714283,NA,NA,10787.8474328377,53485.6353116255,728.37817017849,322.532467532459,11161.8118749641,5816.48379024708,82676.3576625099,28810.0927288845,99,41.3518963930041,1001.85420844641,418.470418470421,1.5647226173542,2.25499944757485,0.55528928144833,0.684597007672765,56.8778323194658,3.98924752766506,1.83590355559427,2.83788007961071,0.988911347313902,7.01452301195069,56.8778323194658,3.98924752766506
2020-07-13,19645,298,NA,18227.5714285714,293.428571428571,NA,429.571428571428,1.85714285714289,NA,NA,11280.9417858157,54238.6127814867,752.97746986118,258.025974025979,11757.7981114341,6117.39432415761,83712.0471956831,29244.0032627951,99,41.4768533244953,1035.68953317328,433.91053391053,1.51692542631713,2.23871649827246,0.549424081328489,0.681211300286925,57.0497054381485,3.98154506237461,1.86174963568935,2.8734302995037,1.00380540040638,6.9798676200143,57.0497054381485,3.98154506237461
2020-07-14,19887,299,NA,18660,294.857142857143,NA,432.428571428572,1.42857142857139,NA,NA,11691.2366558577,54994.3708549919,755.758073505211,344.034632034622,12212.0888073054,6383.1897868403,84751.561334778,29680.7997995916,99,41.5991043474522,1039.51413909481,436.796536796541,1.50349474531101,2.19029225120445,0.543692009475656,0.677549764820748,57.2178566909603,3.83284806102529,1.88769116047882,2.90911179964734,1.01879851604021,6.69942357521493,57.2178566909603,3.83284806102529
2020-07-15,20349,304,NA,19091,297,NA,431,2.14285714285717,NA,NA,12182.1705002198,55745.4735305228,751.102675530899,258.025974025979,12805.2106270153,6664.25760790812,85784.6721654768,30116.1533349451,99,41.7186604953559,1033.11083069885,435.353535353534,1.49393090569561,2.18109715796431,0.545335756872794,0.682641516407382,57.3823012540005,3.68612883070386,1.91347288793871,2.94457350513803,1.03374210040336,6.42449295690691,57.3823012540005,3.68612883070386
2020-07-16,20817,305,NA,19524.1428571429,298.714285714286,NA,433.142857142859,1.71428571428572,NA,NA,12653.6563816702,56498.2018362157,752.728305692843,279.528138528141,13364.5098260777,6954.06135971187,86820.0189835868,30553.6713724632,99,41.8355327477158,1035.34681811003,437.518037518039,1.46514867656242,2.15724912049026,0.539840189753602,0.677230288530382,57.5430542291325,3.55517956437783,1.93931041543121,2.98011196127801,1.04875998167253,6.17893425214547,57.5430542291325,3.55517956437783
2020-07-17,21388,306,NA,19964.8571428571,300.571428571429,NA,440.714285714283,1.85714285714283,NA,NA,13179.07662198,57262.0030289065,763.801192690778,236.523809523809,14011.8708275115,7240.51301916353,87870.5961022368,30998.8373176291,99,41.9497319987913,1050.57711864996,445.165945165943,1.43070880867776,2.1153594804098,0.53438577732869,0.672454190585931,57.7001306009619,3.48255006116644,1.96552802165872,3.016173200082,1.06404037867628,6.03620937421062,57.7001306009619,3.48255006116644
2020-07-18,21693,308,NA,20394.2857142857,302.428571428571,NA,429.428571428572,1.85714285714289,NA,NA,13661.4618819379,58004.2714057475,742.268376841021,258.025974025979,14593.1271470919,7513.27925292976,88891.5557185205,31432.6035513953,99,42.0612690824821,1020.95961628371,433.766233766233,1.41981284285253,2.10458296053286,0.530995377642966,0.669779861891227,57.8535452710722,3.25809358554508,1.99100651030914,3.05121781306514,1.07892947864169,5.63217286105664,57.8535452710722,3.25809358554508
2020-07-19,21996,309,NA,20825,304.142857142857,NA,430.714285714286,1.71428571428572,NA,NA,14122.7878775883,58746.8398256402,742.568419892741,279.528138528134,15138.4518412023,7764.77275942326,89912.9280316785,31867.6684864603,99,42.1701548167659,1021.37231315795,435.064935064936,1.40480087288598,2.05086215200848,0.525985739687629,0.664785846560386,58.0033131191467,3.15246905713048,2.01649529798848,3.08627659193889,1.09386315675071,5.43549750612344,58.0033131191467,3.15246905713048
2020-07-20,22656,312,NA,21255.1428571429,306.142857142857,NA,430.142857142859,2,NA,NA,14580.9793152489,59486.559401829,739.719576188756,279.528138528141,15679.5723537102,8005.68906533958,90930.3818775197,32302.156220948,99,42.2763999468904,1017.45384584124,434.487734487739,1.3771186440678,2.04068029024701,0.524488225806529,0.664200322990691,58.1494489248312,3.04545386696436,2.04188629862174,3.12120086875358,1.10877702235145,5.23777304169973,58.1494489248312,3.04545386696436
2020-07-21,22929,316,NA,21689.7142857143,308.571428571429,NA,434.571428571428,2.42857142857139,NA,NA,15109.0373536238,60232.0676566541,745.508254825101,215.021645021639,16337.6879225758,8237.79296144347,91955.7978126857,32741.1172599091,99,42.3800151400103,1025.41593516599,438.961038961035,1.37816738627938,1.97056918431208,0.524637476835963,0.663943359889551,58.2919673603587,2.98012984726899,2.06747599663662,3.15639844564251,1.1238444348913,5.11288191764626,58.2919673603587,2.98012984726899
2020-07-22,23480,321,NA,22137,311,NA,447.285714285714,2.42857142857144,NA,NA,15549.5717019501,60997.5630439414,765.495387287359,322.532467532474,16840.8590724599,8472.16814181865,93008.705226306,33192.9210117128,99,42.4810110081521,1052.90741362036,451.803751803753,1.36712095400341,1.95462258814657,0.526250531957741,0.666164234276721,58.4308830221348,2.96012497454184,2.09375175638264,3.19253967221886,1.13935267574016,5.06647359041549,58.4308830221348,2.96012497454184
2020-07-23,23955,322,NA,22585.2857142857,313.428571428571,NA,448.285714285714,2.42857142857144,NA,NA,16054.5512032993,61762.9970907452,765.434046803763,258.025974025979,17453.4073894938,8679.83913748965,94061.5282686147,33645.7348645267,99,42.5793980821985,1052.82304230865,452.813852813852,1.34418701732415,1.94906144784884,0.521347757018498,0.660368808372551,58.5662103949553,2.88269779248311,2.12002541060611,3.22867800273553,1.1548955884785,4.92254102862376,58.5662103949553,2.88269779248311
2020-07-24,24553,330,NA,23037.4285714286,316.857142857143,NA,452.142857142859,3.42857142857139,NA,NA,16541.8816168153,62533.2842142179,770.287123472706,279.528138528127,18035.1437343487,8880.54909419961,95121.0265182315,34102.4448212366,99,42.6751867977485,1059.49824961684,456.709956709965,1.34403127927341,1.90441845688871,0.527718964622954,0.668248098108554,58.6979638325576,2.81605482937736,2.14646564751406,3.26504546088172,1.17057223564767,4.79793619714769,58.6979638325576,2.81605482937736
2020-07-25,25008,330,NA,23511,320,NA,473.571428571428,3.14285714285717,NA,NA,17064.2460817482,63338.3196748218,805.03546060394,279.528138528141,18664.960701707,9095.76121541173,96228.319676066,34580.7997995916,99,42.7683875061217,1107.29315783449,478.354978354975,1.31957773512476,1.89798339264531,0.52101161144504,0.659756011862621,58.8261575727558,2.862628968294,2.17409862702139,3.30305348740527,1.18699185187699,4.86664987244014,58.8261575727558,2.862628968294
2020-07-26,25289,331,NA,23981.4285714286,323.142857142857,NA,470.428571428572,3.14285714285717,NA,NA,17589.390875151,64136.3216110817,798.001936259861,269.71428571429,19321.5905251683,9298.08444773496,97325.9385105163,35055.980174772,99,42.8590104928531,1097.61883445027,475.180375180375,1.30886946893906,1.86442913191125,0.516088219101746,0.653439690721445,58.9508057628801,2.7565886930432,2.20149017960583,3.34072944112843,1.20330249931082,4.67645586237412,58.9508057628801,2.7565886930432
2020-07-27,25805,335,NA,24431.2857142857,326.428571428571,NA,449.857142857141,3.28571428571428,NA,NA,18046.6162540713,64897.8630073181,761.541396236404,301.030303030304,19854.9531596545,9480.48560213612,98373.4073721087,35510.3813291731,99,42.9470659560475,1047.46886159238,454.401154401159,1.29819802363883,1.83541507691072,0.516195733536287,0.651882699263131,59.0719224300043,2.55734949824349,2.22763021793456,3.37668398847871,1.2188998964469,4.32954956565469,59.0719224300043,2.55734949824349
2020-07-28,26055,340,NA,24877.8571428571,329.857142857143,NA,446.571428571428,3.42857142857139,NA,NA,18432.1280595283,65652.3401807405,754.477173422369,365.536796536791,20268.9948506695,9616.71071036123,99411.1596858343,35961.4635802554,99,43.0325640005749,1037.75231372562,451.082251082255,1.30493187488006,1.80220260534963,0.517879483144062,0.653119382150022,59.1895214729611,2.4743557581651,2.2535277756102,3.41230501366603,1.23438337166043,4.18071267655042,59.1895214729611,2.4743557581651
2020-07-29,26588,349,NA,25321.8571428571,333.857142857143,NA,444,4,NA,NA,18811.2808453778,66401.0297631267,748.689582386272,365.536796536799,20674.5045197377,9735.90984456036,100440.951406185,36409.9484287402,99,43.1155146449407,1029.79172035026,448.484848484848,1.31262223559501,1.78657431828085,0.525594258470075,0.661520364988458,59.3036166717929,2.40865758989081,2.27922667323628,3.44765279012783,1.24977769058674,4.06187272553829,59.3036166717929,2.40865758989081
2020-07-30,26881,357,NA,25739.8571428571,338.857142857143,NA,418,5,NA,NA,19144.2793105775,67104.5650248632,703.535261736499,365.536796536799,21016.9062783485,9836.4177810683,101408.635216077,36832.1706509624,99,43.1959278151254,967.683809892915,422.222222222219,1.32807559242588,1.78524389050705,0.532005534746744,0.667468934266175,59.4142216792773,2.22190790480145,2.30337564110368,3.48086870196887,1.26427054038674,3.73996469203407,59.4142216792773,2.22190790480145
2020-07-31,27362,358,NA,26141.1428571429,342.857142857143,NA,401.285714285717,4,NA,NA,19298.4152198771,67778.7528822148,674.187857351557,516.051948051936,21064.5316331359,9894.18545783597,102335.952878557,37237.5097563016,99,43.273813335192,927.317662479676,405.33910533911,1.30838389006652,1.74526415300149,0.528189122367195,0.660046379582548,59.5213500080089,2.09596150984639,2.32651725430952,3.51269903891435,1.27818387431981,3.52161523771259,59.5213500080089,2.09596150984639
2020-08-01,27590,358,NA,26510,346.857142857143,NA,368.857142857141,4,NA,NA,19439.9957767637,68397.381058149,618.62817593418,473.047619047626,21108.7112907689,9910.19700184753,103186.850484908,37610.0927288845,99,43.3491809242428,850.897606350991,372.582972582975,1.29757158390721,1.74414010588396,0.523411853584922,0.650975717031053,59.6250150262129,1.91119665366798,2.34775177197339,3.54190624439755,1.29097284840853,3.20559055697486,59.6250150262129,1.91119665366798
2020-08-02,27869,361,NA,26878.5714285714,351.142857142857,NA,368.571428571428,4.28571428571433,NA,NA,19579.7742214697,69014.4928361883,617.11177803934,473.047619047626,21150.5194911947,9923.91994557047,104035.662348338,37982.3871011789,99,43.4220402012617,848.811863429481,372.294372294367,1.29534608346191,1.72560252171044,0.523078537803449,0.647586211286443,59.7252299644062,1.89580871892379,2.36893423902086,3.57104185639919,1.30375191624311,3.17444399230253,59.7252299644062,1.89580871892379
2020-08-03,28432,367,NA,27253.8571428571,355.714285714286,NA,375.285714285714,4.57142857142856,NA,NA,19707.9902172926,69641.8300441324,627.337207944103,494.549783549781,21220.8427820531,9904.1392817898,104949.762195973,38361.4635802554,99,43.4924006959114,914.09984763489,379.076479076481,1.29079909960608,1.70876824573323,0.526982130951226,0.649578195539581,59.8220079302476,1.91656506470766,2.39046769569406,3.60241848959544,1.31676378104988,3.20400634270957,59.8220079302476,1.91656506470766
2020-08-04,28782,368,NA,27643.4285714286,359.714285714286,NA,389.571428571431,4,NA,NA,19838.1411825573,70292.0329574491,650.202913316636,516.051948051943,21378.0969674095,9919.36006101059,105986.708689021,38754.9700737619,99,43.5602718393544,1036.94649304872,393.506493506502,1.27857688833299,1.68185097117209,0.523530170514156,0.642660019793981,59.9153618959132,1.97657893292818,2.41278602160457,3.63801185485057,1.33027095856341,3.29918427068287,59.9153618959132,1.97657893292818
2020-08-05,29251,372,NA,28023.8571428571,363,NA,380.428571428569,3.28571428571428,NA,NA,19866.7864292778,70926.0245245159,633.991567066812,602.060606060601,21266.6067681564,9907.77420242472,106900.145229695,39139.2413580332,99,43.6256629470393,913.436540673647,384.271284271279,1.27175139311477,1.67335085050477,0.524490132492082,0.641332079490856,60.0053046744195,1.91752816470952,2.43454789028975,3.66936571992222,1.3434611359446,3.19582142919847,60.0053046744195,1.91752816470952
2020-08-06,29612,378,NA,28414,366,NA,390.142857142859,3,NA,NA,19760.4548936087,71575.2687464225,649.244221906629,752.57575757576,21371.5037644345,9889.57218222271,108285.093508024,39533.3250521169,99,43.6885832405758,1384.94827832938,394.083694083696,1.27650952316628,1.66393889798145,0.528115376470582,0.643438866025643,60.0918489497109,1.96365728275205,2.45683330895408,3.71690430581888,1.3569881259664,3.267988127913,60.0918489497109,1.96365728275205
2020-08-07,30132,380,NA,28809.7142857143,369.142857142857,NA,395.714285714286,3.14285714285717,NA,NA,19812.8571433635,72232.8744593808,657.605712958321,602.060606060608,21429.0081992322,9860.56929621982,109367.381825606,39933.0364518283,99,43.7490418576719,1082.28831758155,399.711399711399,1.26111774857295,1.62933817594835,0.526076253844346,0.63879976220026,60.1750072903291,2.00241599014882,2.47940573722506,3.75405403693546,1.37070828794384,3.32788752333337,60.1750072903291,2.00241599014882
2020-08-08,30445,380,NA,29217.5714285714,372.285714285714,NA,407.857142857141,3.14285714285711,NA,NA,19884.5411582191,72909.7619374398,676.887478059027,602.060606060608,21561.614572565,9840.9747796253,110524.772081723,40345.0133638052,99,43.8070478378778,1157.39025611671,411.976911976912,1.24815240597799,1.62364566394398,0.521192210620655,0.630893168347044,60.2547921298034,2.05840387694331,2.50264001537218,3.79378165490306,1.38484946572203,3.41640518155029,60.2547921298034,2.05840387694331
2020-08-09,30644,380,NA,29614,375,NA,396.428571428572,2.71428571428572,NA,NA,19893.8489300407,73566.8489300408,657.086992600904,645.064935064947,21425.4408066718,9811.97910862965,111485.927986159,40745.4462642381,99,43.8626101389531,961.155904436469,400.432900432912,1.24004699125441,1.59710391822828,0.516537007533604,0.622975707613525,60.3312157891639,1.99351337695497,2.5251946384784,3.82677349527579,1.39859439333481,3.30451171778386,60.3312157891639,1.99351337695497
2020-08-10,31169,387,NA,30005,377.857142857143,NA,391,2.85714285714283,NA,NA,19850.2275356129,74214.1539425393,647.305012498589,688.069264069258,21358.1672506149,9775.50003215056,112589.101316549,41140.3957591876,99,43.915737634458,1103.17333038997,394.949494949491,1.24161827456768,1.57736231624773,0.521463871028748,0.626588763870058,60.4042904736272,1.96529518591085,2.54741349344902,3.86464010801956,1.41215110211902,3.2537947522117,60.4042904736272,1.96529518591085
2020-08-11,31454,393,NA,30386.7142857143,381.428571428571,NA,381.714285714286,3.57142857142861,NA,NA,19875.7991709042,74845.3576124626,631.203669923256,602.060606060608,21247.4335790057,9720.78430343484,113503.580099152,41525.9657447576,99,43.9664391030685,914.478782603313,385.569985569986,1.2494436319705,1.55349069941991,0.525082667164063,0.628465312414609,60.4740282579013,1.92283832690289,2.56907966708918,3.89602974822323,1.42538585764382,3.17983090516633,60.4740282579013,1.92283832690289
2020-08-12,32086,397,NA,30791.7142857143,385,NA,405,3.57142857142856,NA,NA,20046.6522717442,75514.3319254238,668.974312961232,494.549783549781,21507.1934072971,9700.16092681147,114606.11648422,41935.0566538485,99,44.0147232481384,1102.5363850679,409.090909090919,1.23729975690332,1.53950735764555,0.525728017288252,0.626792756799033,60.5404411130911,2.03751295623959,2.5920423244945,3.93387449771017,1.43942797288066,3.36577315563005,60.5404411130911,2.03751295623959
2020-08-13,32462,403,NA,31198.8571428571,388.571428571429,NA,407.142857142855,3.57142857142856,NA,NA,20263.3490335959,76186.1455703925,671.813644968657,451.545454545456,21661.4432405142,9680.13062378116,115530.168515239,42346.3120651039,99,44.0605986974271,924.052031019339,411.255411255406,1.24145154334299,1.53652350259571,0.528967566193051,0.628349100598199,60.6035409063249,2.03083789913259,2.61510244245531,3.96559274129872,1.45354438502351,3.35125105110733,60.6035409063249,2.03083789913259
2020-08-14,33015,404,NA,31610.7142857143,392,NA,411.857142857145,3.42857142857144,NA,NA,20465.7954789222,76865.0682061949,678.922635802403,473.047619047618,21789.1268758232,9665.71936836991,116463.998670695,42762.3293811212,99,44.1040740065039,933.830155455507,416.017316017322,1.22368620324095,1.51908544855648,0.525596359215147,0.622516645816895,60.6633394054362,2.0323854902958,2.63840657773913,3.99764662067649,1.4678242503596,3.35049568892473,60.6633394054362,2.0323854902958
2020-08-15,33885,406,NA,32102.1428571429,395.714285714286,NA,491.428571428572,3.71428571428572,NA,NA,20798.3711886255,77674.4058206602,809.337614465272,473.047619047611,22686.0290659714,9726.96900761956,118167.333095275,43258.7218775137,99,44.1451576462322,1703.33442458042,496.392496392495,1.19817028183562,1.5187652493352,0.522694696805792,0.618409029872027,60.7198482617492,2.40105923680865,2.6661872294116,4.05611386535318,1.48486300747237,3.95458664335239,60.7198482617492,2.40105923680865
2020-08-16,33885,406,NA,32565.1428571429,399.428571428571,NA,463,3.71428571428572,NA,NA,21111.9359637052,78436.2563100255,761.850489365344,444.571428571428,23036.9523764762,9746.36006101061,119215.227101751,43726.3986451905,99,44.1838580179752,1047.89400647549,467.67676767677,1.19817028183562,1.50228889509768,0.517617769001178,0.611436300684386,60.7730790309932,2.22599078814845,2.69233787741471,4.0920830058741,1.50091609229868,3.66302958272999,60.7730790309932,2.22599078814845
2020-08-17,34599,407,NA,33055.1428571429,402.285714285714,NA,489.999999999996,2.85714285714283,NA,NA,21469.2659740135,79241.8720346196,805.61572459407,445.428571428572,23412.442930957,9793.02384167439,120323.318388832,44221.34814014,99,44.2201834553312,1108.09128708154,494.949494949491,1.17633457614382,1.49654296449431,0.513617345918062,0.606516113842926,60.8230431756899,2.32081364792343,2.71999077458247,4.1301184283202,1.51790531814078,3.8159253892161,60.8230431756899,2.32081364792343
2020-08-18,34859,411,NA,33541.5714285714,404.857142857143,NA,486.428571428572,2.57142857142856,NA,NA,21728.2706328833,80041.0022346149,799.130199995299,537.55411255412,23596.862730009,9833.22297587352,121422.489103635,44712.690131482,99,44.2541422253768,1099.17071480291,491.341991341993,1.17903554318827,1.479632858918,0.513486823659808,0.606384718695299,60.8697520668632,2.26555567588751,2.74742105501209,4.16784765060118,1.53477071580619,3.72220550512798,60.8697520668632,2.26555567588751
2020-08-19,35403,415,NA,34015.4285714286,407.428571428571,NA,473.857142857145,2.57142857142861,NA,NA,21966.0668077843,80818.9239506414,777.921716026525,537.554112554106,23752.1111318544,9839.29512594567,122492.488421232,45191.3337101255,99,44.2857425294113,1069.99931759629,478.643578643583,1.17221704375335,1.47672552166934,0.513493597432024,0.606748377759058,60.9132169850628,2.18069841134268,2.77412335061176,4.20457555969702,1.55120023828964,3.58022839999622,60.9132169850628,2.18069841134268
2020-08-20,35890,419,NA,34505.1428571429,409.714285714286,NA,489.714285714283,2.28571428571428,NA,NA,22229.6504012161,81622.3473709131,803.423420271691,537.554112554113,23942.7217930641,9864.81316346372,123597.564283907,45685.9946047864,99,44.3149925045754,1105.07586267496,494.660894660898,1.16745611590972,1.47014347739167,0.513339806433103,0.607118856896524,60.9534491225909,2.22927813849197,2.80170099655969,4.242507477186,1.56817955787761,3.65756613280888,60.9534491225909,2.22927813849197
2020-08-21,36884,426,NA,35057.8571428571,412.857142857143,NA,552.71428571429,3.14285714285711,NA,NA,22616.6863237346,82528.5780986264,906.230727713308,516.051948051951,24649.7579031262,9973.53899318955,125183.435558804,46244.2918630837,99,44.3419002234525,1585.87127489723,558.297258297258,1.15497234573257,1.45208618056114,0.516184829321675,0.611701329115047,60.990459582954,2.48623583444658,2.83280752087233,4.29694277921308,1.58734320650241,4.07667557229659,60.990459582954,2.48623583444658
2020-08-22,37371,426,NA,35555.8571428571,415.714285714286,NA,498,2.85714285714289,NA,NA,22870.8418001019,83344.6469949071,816.068896280718,559.056277056283,24820.7032883075,10030.8550105056,126305.904753509,46747.322166114,99,44.3664736947022,1122.46919470516,503.030303030311,1.13992132937304,1.44435510289169,0.511130606895523,0.606043077823453,61.0242593817337,2.20178683691262,2.86081922494133,4.33547172579094,1.6046098074603,3.60826022256104,61.0242593817337,2.20178683691262
2020-08-23,37641,426,NA,36092.4285714286,418.571428571429,NA,536.571428571428,2.85714285714283,NA,NA,23187.763305727,84223.4819204456,878.834925538496,559.056277056276,25252.3637439192,10129.7034953541,127689.089018645,47289.3135081053,99,44.3887208644148,1383.18426513553,541.991341991343,1.13174464015302,1.43096450914987,0.505797184213286,0.600625796886094,61.0548594484507,2.34596084914866,2.89098538367116,4.38294976163381,1.62321375272646,3.84259981866772,61.0548594484507,2.34596084914866
2020-08-24,38523,429,NA,36653,421.714285714286,NA,560.571428571428,3.14285714285717,NA,NA,23672.3089697403,85141.2137316451,917.731811199483,430.043290043279,25781.7796489141,10277.6515473021,128951.391370526,47855.5472743391,99,44.40864961837,1262.30235188134,566.233766233767,1.1136204345456,1.42413307346443,0.503868785982023,0.599369038375343,61.0822706296703,2.41739715980708,2.9224866846363,4.42627850518433,1.64264982333999,3.95782809708437,61.0822706296703,2.41739715980708
2020-08-25,38836,430,NA,37221.1428571429,424.428571428571,NA,568.142857142855,2.71428571428572,NA,NA,24200.6388084065,86070.9721417398,929.758410094728,398.71428571429,26401.1405763321,10450.1046497552,130230.235814427,48429.4289482208,99,44.4262677804335,1278.84444390146,573.881673881675,1.10722010505716,1.40856422218429,0.499587711513105,0.595296813560707,61.1065036867978,2.39990222498911,2.95440080066,4.47017505886517,1.6623484096881,3.92762028952568,61.1065036867978,2.39990222498911
2020-08-26,39859,442,NA,37857.7142857143,428.285714285714,NA,636.571428571428,3.85714285714283,NA,NA,24851.1245815344,87112.3540187638,1041.38187702397,387.038961038968,27172.8921333082,10722.9632356138,131662.61374503,49072.4303912222,99,44.4415831165221,1432.3779306025,643.001443001442,1.1089089038862,1.4067522229782,0.507390719696077,0.606228834458762,61.1275693015325,2.63025384527959,2.99014641122666,4.51934167566661,1.68441954390163,4.30311730722675,61.1275693015325,2.63025384527959
2020-08-27,40334,444,NA,38492.5714285714,431.857142857143,NA,634.857142857145,3.57142857142856,NA,NA,25519.5406893464,88150.627269433,1038.27325066918,366.285714285717,28013.6279758787,10994.3759340265,133090.715887967,49713.7002324921,99,44.4546033347176,1428.10214293675,641.269841269845,1.10080825110329,1.40927144908348,0.503683313157728,0.60353271406558,61.1454780760237,2.55451325641751,3.02578531766342,4.56836152532705,1.70643124059034,4.17797290123712,61.1454780760237,2.55451325641751
2020-08-28,41027,445,NA,39084.4285714286,434.571428571429,NA,591.857142857145,2.71428571428572,NA,NA,26011.4943097987,89118.3427946472,967.715525214255,473.047619047611,28539.248635683,11217.3542890049,134421.768782203,50311.5357303276,99,44.4653360824252,1331.05289423658,597.835497835498,1.08465157091671,1.39424244785341,0.499336035708609,0.599616079089904,61.1602405289626,2.31911914268407,3.05900231813829,4.61405014297131,1.72695204603169,3.79205698485885,61.1602405289626,2.31911914268407
2020-08-29,41570,449,NA,39684.2857142857,437.857142857143,NA,599.857142857145,3.28571428571428,NA,NA,26558.7748099286,90098.9522991061,980.609504458902,430.043290043301,29155.007363898,11433.2705949212,135770.556814447,50917.4520362439,99,44.4737889510368,1348.78803224425,605.916305916311,1.0801058455617,1.39205551871667,0.498340977938824,0.599903607014413,61.1718671019967,2.30601532008287,3.09266190665016,4.66034752225292,1.74775022658882,3.76990838273178,61.1718671019967,2.30601532008287
2020-08-30,41736,449,NA,40269.2857142857,441.142857142857,NA,585,3.28571428571433,NA,NA,27081.6348865895,91055.141380096,956.189080989876,430.043290043279,29737.1768042592,11643.3225429731,137085.755558838,51508.361127153,99,44.4799694719218,1315.19874439054,590.909090909088,1.0758098524056,1.37487644811711,0.493107795116936,0.594589117789484,61.1803681542146,2.20256202718478,3.12548325996086,4.70549194349933,1.76803328193092,3.60027556930984,61.1803681542146,2.20256202718478
2020-08-31,42579,451,NA,40848.7142857143,444.285714285714,NA,579.428571428565,3.14285714285711,NA,NA,27552.4435627531,92002.1405324501,946.999152354096,473.047619047626,30233.8743740134,11838.4610711116,138388.313934453,52093.6425124344,99,44.4838851199258,1302.55837561502,585.281385281385,1.0592075905963,1.36863321509985,0.490205985849783,0.591971147278079,61.1857539669588,2.1394688330437,3.15798916740352,4.75020248193133,1.78812316531738,3.49683154772549,61.1857539669588,2.1394688330437
2020-09-01,42940,456,NA,41435,448,NA,586.285714285717,3.71428571428572,NA,NA,28098.3586774501,92960.3110584025,958.170525952402,408.541125541124,30854.8278184648,12033.9545776052,139706.238074875,52685.8503046422,99,44.485543310401,1317.92414042214,592.207792207795,1.06194690265487,1.35695895804937,0.490531921427755,0.59324737574779,61.1880347397415,2.1277994424798,3.19087853415054,4.79544045286142,1.80845079880309,3.47762449370447,61.1880347397415,2.1277994424798
2020-09-02,43823,461,NA,42001.2857142857,450.714285714286,NA,566.285714285717,2.71428571428572,NA,NA,28440.5826613259,93885.807769551,925.496711148502,580.558441558438,31139.9423389189,12199.2460638967,140979.220727197,53257.8560766479,99,44.484951405478,1272.98265232224,572.005772005781,1.05195901695457,1.33012921857543,0.491022030860676,0.593503091693276,61.1872205988702,2.01528630996871,3.22264636663096,4.8391357995464,1.82808499449932,3.29377499153089,61.1872205988702,2.01528630996871
2020-09-03,44364,471,NA,42577,454.571428571429,NA,575.714285714283,3.85714285714283,NA,NA,28840.1374579838,94826.7738216202,940.96605206914,537.554112554106,31518.1658032502,12384.0613597119,142273.480821565,53839.3856581775,99,44.4821167105122,1294.26009436784,581.529581529576,1.06167162564241,1.34151225784692,0.496695164264477,0.600487608865899,61.1833215925608,2.02418903545575,3.25494518687722,4.88356149805909,1.84804609658202,3.30853296247227,61.1833215925608,2.02418903545575
2020-09-04,45334,481,NA,43192.2857142857,459.714285714286,NA,615.285714285717,5.14285714285717,NA,NA,29432.2109901654,95832.5313364857,1005.75751486555,408.541125541116,32203.1446218495,12612.1335097841,143656.858907564,54460.8863796782,99,44.4770464786985,1383.37808599859,621.500721500728,1.06101380862046,1.32869240646922,0.501917243854407,0.607002317903164,61.1763476972845,2.13335209865602,3.28946798513602,4.93104618683615,1.86937921486246,3.48735340228804,61.1763476972845,2.13335209865602
2020-09-05,45624,481,NA,43771.4285714286,464.285714285714,NA,579.142857142855,4.57142857142856,NA,NA,29879.9228766908,96779.3644351324,946.83309864669,494.549783549795,32661.6980406446,12814.1262947769,144959.188883135,55045.879164671,99,44.4697479138198,1302.32997557172,584.992784992784,1.05426968262318,1.33189625142923,0.497006777020525,0.600942000438851,61.1663088215483,1.96764364666425,3.32196819275685,4.97574888539771,1.88945919199479,3.21699616438286,61.1663088215483,1.96764364666425
2020-09-06,45794,481,NA,44351.1428571429,468.857142857143,NA,579.714285714283,4.57142857142856,NA,NA,30328.7719186018,97727.3346891646,947.970254032174,494.549783549795,33121.8155698913,12993.4105660611,146263.082969159,55631.449150241,99,44.4602281679458,1303.89408602324,585.569985569986,1.05035594182644,1.32434297335577,0.492185734451766,0.595157639433261,61.15321480273,1.94007557937686,3.35450743343026,5.02050527231732,1.90955898163538,3.17259940042108,61.15321480273,1.94007557937686
2020-09-07,46313,485,NA,44884.5714285714,473.714285714286,NA,533.428571428572,4.85714285714289,NA,NA,30723.3795688795,98599.8471013471,872.512412182492,473.047619047604,33514.3454071234,13123.3701620208,147463.187897966,56170.2658890578,99,44.4484943461364,1200.10492880721,538.816738816749,1.04722216224386,1.3199060621741,0.491887172503916,0.594200014606336,61.137075413547,1.7587578319513,3.38445657081067,5.06169907871125,1.92805395810605,2.87684715531573,61.137075413547,1.7587578319513
2020-09-08,46976,485,NA,45461.1428571429,477.857142857143,NA,576.571428571428,4.14285714285711,NA,NA,31103.5561480082,99543.2228146749,943.375713327798,559.056277056283,33859.1103676124,13293.4798301304,148760.762382264,56752.6612714531,99,44.4345535110582,1297.57448429844,582.395382395378,1.03244209809264,1.29556757091732,0.487225535085348,0.58767521648125,61.1179003684067,1.87658892238077,3.41683810309067,5.10623854422367,1.94804477895116,3.07054668648291,61.1179003684067,1.87658892238077
2020-09-09,47387,499,NA,45970.2857142857,483.285714285714,NA,509.142857142862,5.42857142857144,NA,NA,31442.7663137495,100376.575837559,833.353022884141,488.71428571429,34306.6681857266,13313.6226872733,149907.005182064,57266.9469857389,99,44.4184126811574,1146.24279979922,514.285714285725,1.05303142211999,1.29321054905064,0.497127936310101,0.598718715588887,61.0956993208932,1.63687325015521,3.44544308775364,5.14558352385165,1.96569772382032,2.67928534897611,61.0956993208932,1.63687325015521
2020-09-10,47757,503,NA,46455,487.857142857143,NA,484.714285714283,4.57142857142856,NA,NA,31651.3329576643,101170.272351604,793.696514044699,580.558441558445,34408.6398143147,13339.5187911694,150998.702085377,57756.5573753492,99,44.4000788353557,1091.69690331339,489.610389610389,1.05324873840484,1.29607912344822,0.497181620952735,0.597220618918504,61.0704818702261,1.54152610796369,3.47268685598613,5.18305620627838,1.98250368396092,2.52425790442499,61.0704818702261,1.54152610796369
2020-09-11,48333,516,NA,46883.4285714286,492.857142857143,NA,428.428571428572,5,NA,NA,31574.1107474322,101872.12806345,701.855711845885,774.077922077922,34055.4750108894,13282.4177810684,151964.07574349,58189.3135081054,99,44.37955892291,965.373658113123,432.756132756134,1.06759356961082,1.27938411561182,0.506517346607913,0.606051966356,61.0422575748225,1.35354448028033,3.49677817301704,5.21619282176553,1.99735811203685,2.21746020233859,61.0422575748225,1.35354448028033
2020-09-12,48621,526,NA,47311.5714285714,499.285714285714,NA,428.142857142855,6.42857142857144,NA,NA,31581.3594902844,102573.8746418,701.746578350037,688.069264069272,33846.6802453503,13226.5995992502,152929.299292969,58621.7810405729,99,44.3568598563374,965.223549479211,432.467532467534,1.08183706628823,1.28562600238365,0.512801141457175,0.611123572688124,61.0110359425651,1.35595049863238,3.52086574402209,5.2493242847482,2.01220263385865,2.22253790126807,61.0110359425651,1.35595049863238
2020-09-13,48721,528,NA,47729.7142857143,506,NA,418.142857142855,6.71428571428572,NA,NA,31572.3165431274,103259.615244426,685.74060262648,688.069264069258,33615.584204385,13172.9661216167,153872.507281308,59044.1475629394,99,44.3319885234772,943.207988338749,422.366522366516,1.08372159848936,1.26947489901904,0.511332527000192,0.606113800903911,60.9768264473938,1.32397659933857,3.54440390718014,5.28170005983935,2.02670043678572,2.17134605252645,60.9768264473938,1.32397659933857
2020-09-14,49612,542,NA,48201,514.142857142857,NA,471.285714285717,8.14285714285711,NA,NA,31606.4648936298,104032.980045145,773.364800718919,731.073593073597,33430.6087127349,13156.0122976629,154936.238749365,59520.1937389856,99,44.3049518076779,1063.73146805691,476.046176046191,1.09247762638071,1.27471328691143,0.520988632417143,0.614856657052903,60.939638557071,1.49267223067332,3.57094978588456,5.31821282393058,2.04304080298195,2.44950287275409,60.939638557071,1.49267223067332
2020-09-15,49936,557,NA,48623.8571428571,524.428571428571,NA,422.857142857145,10.2857142857143,NA,NA,31666.9690221655,104727.332658529,694.352613384151,623.562770562756,33317.2482481688,13024.2835819342,155891.292204213,59947.322166114,99,44.2757565778901,955.053454847803,427.128427128424,1.11542774751682,1.27825230074968,0.531857334528072,0.625011622224034,60.8994817195559,1.33784128686022,3.5947835577809,5.35099519668023,2.05770205910225,2.19686894982075,60.8994817195559,1.33784128686022
2020-09-16,50670,586,NA,49092.8571428571,536.857142857143,NA,469,12.4285714285714,NA,NA,31608.125322583,105497.999781457,770.667122928266,817.082251082262,32978.3277794627,12993.0209556716,156951.313127448,60421.0595398514,99,44.2444096828398,1060.02092323525,473.737373737378,1.15650286165384,1.29145331454689,0.555460768179414,0.650396020205236,60.8563653549891,1.48099435816796,3.62123683823499,5.38738059568752,2.0739631752654,2.43366241457726,60.8563653549891,1.48099435816796
2020-09-17,51106,586,NA,49571.2857142857,548.714285714286,NA,478.428571428572,11.8571428571428,NA,NA,31694.9547453872,106284.755611188,786.75582973061,688.069264069258,32881.0311705869,12932.4249960756,158033.463405019,60904.3207231126,99,44.2109179607122,1082.15027757108,483.261183261187,1.14663640277071,1.31472658068403,0.551349059072696,0.643566075586914,60.8102988690133,1.51358080552961,3.64824236629447,5.42452558855719,2.09055119781502,2.48909361659769,60.8102988690133,1.51358080552961
2020-09-18,52067,596,NA,50104.7142857143,560.142857142857,NA,533.428571428565,11.4285714285714,NA,NA,31808.8589607452,107162.66415555,877.908544362363,752.57575757576,32800.078403737,12904.2417348923,159240.990491649,61443.1374619293,99,44.1752882676353,1207.52708662997,538.816738816735,1.14467897132541,1.3155378405854,0.55616385118504,0.647811014559802,60.7612916919503,1.68295935712265,3.67837672683241,5.46597416178445,2.10904617428569,2.76986842674111,60.7612916919503,1.68295935712265
2020-09-19,52428,596,NA,50648.5714285714,570.142857142857,NA,543.857142857145,10,NA,NA,31727.0990422732,108058.501639676,895.837484125412,967.597402597414,32380.3429325121,12881.8780985287,160473.178097347,61992.48811128,99,44.1375274627079,1232.18760569824,549.35064935065,1.13679713130388,1.32776631845099,0.551553085556728,0.641133827129259,60.7093532582084,1.70971813792178,3.70912650128602,5.50826921153529,2.1279027290323,2.81631442747113,60.7093532582084,1.70971813792178
2020-09-20,54841,596,NA,51522.8571428571,579.857142857143,NA,874.285714285717,9.71428571428578,NA,NA,32148.202565579,109499.921180298,1441.41954062184,1010.60173160172,32638.3444906958,13125.4235530742,162455.791377143,62875.6049943969,99,44.0976423993274,1982.61327979536,883.116883116883,1.08677814044237,1.32317993486786,0.544292629232722,0.634813731871937,60.6544929943538,2.75556717410955,3.75860347289368,5.57632275055633,2.15821586668642,4.54318101601816,60.6544929943538,2.75556717410955
2020-09-21,55170,601,NA,52316.8571428571,588.285714285714,NA,794,8.42857142857144,NA,NA,32224.4525538872,110810.223116658,1310.30193636009,1225.62337662338,32352.4130976576,13292.3008979515,164258.057786302,63677.6251964171,99,44.0556399411695,1802.26640915961,802.020202020205,1.08936015950698,1.32604299496374,0.542368730155236,0.633787247819428,60.5967203410901,2.46974625618346,3.80357981036914,5.63818585247942,2.18574534692852,4.07581709642152,60.5967203410901,2.46974625618346
2020-09-22,56186,614,NA,53209.7142857143,596.428571428571,NA,892.857142857138,8.14285714285711,NA,NA,32143.0720550264,112285.141319096,1474.91820243793,1548.15584415586,32143.0720550264,13422.9576806008,166499.579698487,64579.501098293,99,44.0115269501294,2241.52191218481,901.875901875901,1.0927989178799,1.31563191297607,0.54682212872237,0.640701013984628,60.5360447366717,2.77067341404802,3.8542066292578,5.71512647447158,2.21670239110144,4.57701554424083,60.5360447366717,2.77067341404802
2020-09-23,56546,621,NA,54049.1428571429,601.428571428571,NA,839.428571428572,5,NA,NA,31655.5005070264,113673.258082784,1388.11676368829,1870.6883116883,31655.5005070264,13343.8148451572,169082.005273424,65427.4087462006,99,43.9653102849083,2582.42557493714,847.907647907654,1.09822091748311,1.31822850129005,0.546302631308191,0.641665714199057,60.4724756149602,2.61147361349148,3.90185397395488,5.80376867283871,2.24580696575105,4.3185566124854,60.4724756149602,2.61147361349148
2020-09-24,57653,621,NA,54984.4285714286,606.428571428571,NA,935.285714285717,5,NA,NA,31414.1527534326,115221.58998287,1548.3319000859,1784.67965367965,32463.6028344243,13403.8905322103,173217.287816109,66372.1417909337,99,43.9169967920684,4135.28254268502,944.733044733031,1.07713388722183,1.32425333325015,0.538961491585323,0.63544145757702,60.4060223931201,2.95450416602406,3.95500073053814,5.94571295150846,2.27823508866307,4.89119386926841,60.4060223931201,2.95450416602406
2020-09-25,58061,635,NA,55840.7142857143,612,NA,856.28571428571,5.57142857142856,NA,NA,31107.5871927884,116640.76901097,1419.17902810041,1720.17316017317,31575.3805233416,13415.3916551475,175253.611292572,67237.0768558687,99,43.8665933109239,2036.32347646312,864.935064935067,1.09367733934999,1.32144322328504,0.544406561603068,0.644017225855642,60.3366944783467,2.72573218268144,4.00371429275973,6.01561010219195,2.30792413230667,4.51764222081505,60.3366944783467,2.72573218268144
2020-09-26,58065,635,NA,56646,617.571428571429,NA,805.285714285717,5.57142857142856,NA,NA,30933.1164328432,117977.021194748,1336.25218377769,1505.15151515151,31005.0682090837,13481.3604407479,177242.972970988,68050.4967692887,99,43.8141066763227,1989.36167841603,813.419913419915,1.09360199776113,1.31465307512651,0.538240407809405,0.637913844905559,60.264501271692,2.58865273533375,4.04958137690438,6.08389528114678,2.33584490958711,4.29558286052949,60.264501271692,2.58865273533375
2020-09-27,59528,635,NA,57315.5714285714,623.142857142857,NA,669.571428571428,5.57142857142856,NA,NA,30577.8376301795,119089.461006803,1112.43981205494,1462.14718614719,30577.8376301795,13431.4406520988,178773.088167985,68726.8315456234,99,43.7595437183921,1530.11519699646,676.334776334785,1.06672490256686,1.31500803415041,0.533212590460651,0.632617714542913,60.1894521677154,2.16453034251147,4.08776606321196,6.1364167462891,2.35906021615327,3.59627460902651,60.1894521677154,2.16453034251147
2020-09-28,59902,644,NA,57991.5714285714,629.285714285714,NA,676,6.14285714285722,NA,NA,30427.6428375179,120214.036776912,1124.57577010892,1268.62770562772,30427.6428375179,13482.8274741322,181015.437170091,69409.6598284517,99,43.7029112594981,2242.34900210646,682.828282828283,1.07508931254382,1.31768267329546,0.535711150932489,0.636550624042866,60.1115565503004,2.21070384129072,4.12636731834989,6.21338575828391,2.38249841343747,3.67774786337079,60.1115565503004,2.21070384129072
2020-09-29,60844,651,NA,58657,634.571428571429,NA,665.428571428572,5.28571428571422,NA,NA,30305.2119073686,121322.514937672,1108.47816075983,1225.62337662338,30305.2119073686,13542.5489748537,182989.784118033,70081.8099006018,99,43.6442161118035,1974.34694794155,672.150072150078,1.06994937873907,1.31291545853026,0.5365863049694,0.639036419848355,60.0308237892969,2.18687541283183,4.16441602030099,6.281155554054,2.40557007931867,3.6429971479521,60.0308237892969,2.18687541283183
2020-09-30,61122,678,NA,59310.7142857143,642.714285714286,NA,653.714285714283,8.14285714285711,NA,NA,30634.9755768467,122412.997221868,1090.48228419668,752.575757575745,30634.9755768467,13620.5807208855,184489.697638768,70742.1273609193,99,43.5834650916459,1499.9135207347,660.317460317456,1.10925689604398,1.32188619262106,0.553862755905857,0.660987022638716,59.9472632602967,2.15705803443286,4.20184701071935,6.33264034150687,2.42823558878031,3.5983324833031,59.9472632602967,2.15705803443286
2020-10-01,62292,678,NA,59973.4285714286,650.857142857143,NA,662.71428571429,8.14285714285722,NA,NA,30981.3476656451,123520.087925385,1107.0907035171,752.57575757576,30981.3476656451,13707.1319474367,186012.455357026,71411.5357303276,99,43.5206650255612,1522.7577182588,669.408369408382,1.08842226931227,1.33588625614651,0.54889857300746,0.656597449443429,59.8608843529192,2.16321838863793,4.23984808796393,6.3849092599365,2.45121314524722,3.61381291373973,59.8608843529192,2.16321838863793
2020-10-02,62537,698,NA,60612.8571428571,659.857142857143,NA,639.428571428572,9,NA,NA,31203.5481303017,124589.872805626,1069.78488024099,838.58441558441,31203.5481303017,13816.162250467,187483.900450087,72057.4231762151,99,43.4558227448673,1471.44509306087,645.887445887449,1.11613924556662,1.33003536010873,0.560238151209091,0.670941080123922,59.771696463361,2.06387644944849,4.27656863646096,6.43541686375335,2.4733833420021,3.45299659584292,59.771696463361,2.06387644944849
2020-10-03,62569,698,NA,61256.2857142857,668.857142857143,NA,643.428571428572,9,NA,NA,31434.0999562284,125668.009047138,1078.13624151114,838.58441558441,31434.0999562284,13886.0901003949,188973.335219396,72707.3510261429,99,43.3889450810524,1489.43476930872,649.927849927844,1.11556841247263,1.33942875452007,0.555431732620339,0.666492674148284,59.6797089880531,2.06200001430024,4.31357584685817,6.48654196627607,2.49569222631487,3.455171947142,59.6797089880531,2.06200001430024
2020-10-04,63726,698,NA,61856,677.857142857143,NA,599.714285714283,9,NA,NA,31593.0020336897,126674.495540183,1006.48649304567,838.584415584424,31593.0020336897,13979.2906775954,190357.715984892,73313.1230319149,99,43.3200388694661,1384.380765496,605.772005772,1.09531431440856,1.33778792748597,0.551018574831098,0.661623918411657,59.584931328738,1.90781387303576,4.34812366741735,6.53406107219791,2.51648545374494,3.2018937855615,59.584931328738,1.90781387303576
2020-10-05,63979,706,NA,62438.4285714286,686.714285714286,NA,582.428571428572,8.85714285714278,NA,NA,31638.6311457873,127653.574868731,979.079328547872,924.593073593089,31638.6311457873,14080.1737944785,191747.034709359,73901.4347202266,99,43.2491109747314,1389.31872446733,588.311688311689,1.10348708169868,1.34370579915134,0.553059325385909,0.664253303251405,59.4873729274218,1.84350664706005,4.38173073238007,6.58174967440376,2.53667935279982,3.09903860197843,59.4873729274218,1.84350664706005
2020-10-06,65159,706,NA,63054.8571428571,694.571428571429,NA,616.428571428572,7.85714285714289,NA,NA,31873.1788670184,128691.559819399,1037.98495066832,795.580086580056,31873.1788670184,14271.8289171337,193510.02879283,74524.0898428817,99,43.1761682681007,1762.99408347087,622.655122655124,1.08350343007106,1.33399548384088,0.54859852580136,0.658811541839998,59.3870432352297,1.94831091309636,4.41735974287013,6.64226474704856,2.55805209609681,3.28075176794282,59.3870432352297,1.94831091309636
2020-10-07,65274,723,NA,63648,701,NA,593.142857142855,6.42857142857144,NA,NA,31641.6385918441,129692.071492277,1000.51167287763,1225.62337662338,31641.6385918441,14260.432504023,195338.511835059,75123.224042016,99,43.101217635965,1828.48304222853,599.13419913422,1.10763856972148,1.33707179369802,0.557474324899694,0.669082014861602,59.2839517241092,1.86091878321958,4.45170247670787,6.70502773937374,2.57861747968176,3.13903949478016,59.2839517241092,1.86091878321958
2020-10-08,66879,747,NA,64303.2857142857,710.857142857143,NA,655.285714285717,9.85714285714289,NA,NA,31513.4690989516,130799.382518865,1107.311026588,1225.62337662339,31513.4690989516,14308.3780822543,198162.62879582,75785.1288039207,99,43.0242660014358,2824.11696076096,661.904761904763,1.11694253801642,1.29621477153433,0.571103613499292,0.682192271873898,59.1781079165155,2.07093003318457,4.48971111657944,6.80196603578672,2.60133747354115,3.49953755831537,59.1781079165155,2.07093003318457
2020-10-09,67216,771,NA,64971.7142857143,721.285714285714,NA,668.428571428565,10.4285714285714,NA,NA,31280.0005541428,131930.978909121,1131.59639025612,1354.63636363637,31383.1995026417,14305.4381566828,200638.767268209,76460.3091791011,99,42.9453203044083,2476.13847238978,675.180375180367,1.14704832182814,1.3073875553484,0.58439648244488,0.69578417795289,59.0695213579886,2.12105888475156,4.52855335570148,6.88695991122857,2.62451315509077,3.5908340865391,59.0695213579886,2.12105888475156
2020-10-10,67299,773,NA,65647.4285714286,732,NA,675.714285714283,10.7142857142857,NA,NA,31060.7402996359,133077.069303965,1146.09039484372,1354.63636363635,31482.8790378601,14309.5718241849,203047.853396834,77142.8488616408,99,42.8643875020359,2409.08612862503,682.539682539689,1.14860547705018,1.3028156480262,0.580866413757858,0.688425904727022,58.9582016178071,2.16018282965312,4.56789310400337,6.96965220353297,2.64794144612084,3.66397178561408,58.9582016178071,2.16018282965312
2020-10-11,68886,774,NA,66384.5714285714,742.857142857143,NA,737.14285714287,10.8571428571429,NA,NA,30947.9503381137,134329.772848936,1252.70354497139,1354.63636363637,32216.0890481558,14375.6116965932,206090.61285768,77887.4376062295,99,42.7814745831319,3042.75946084515,744.588744588749,1.12359550561798,1.31372182445645,0.576193931981423,0.680898931775427,58.8441583087961,2.37319951761546,4.61089236686935,7.07409544105715,2.67349958179,4.03307690958697,58.8441583087961,2.37319951761546
2020-10-12,69231,787,NA,67134.8571428571,754.428571428571,NA,750.28571428571,11.5714285714286,NA,NA,30880.8182120554,135607.346350584,1277.57350164728,1333.13419913419,32387.127059588,14464.8111779806,208535.427425888,78645.3019640939,99,42.6965885560998,2444.81456820876,757.864357864368,1.13677398853115,1.3085677613109,0.580352039310158,0.683031713168517,58.7274010707262,2.42431724723271,4.65474529524052,7.15801411814478,2.69951340514939,4.12813607262995,58.7274010707262,2.42431724723271
2020-10-13,70413,799,NA,67885.4285714286,767.714285714286,NA,750.57142857142,13.2857142857142,NA,NA,30965.5785513947,136888.011451828,1280.66510124409,1182.61904761905,32408.3888998909,14626.7729438672,210576.769852272,79403.4549222468,99,42.6097364453111,2041.34242638352,758.152958152947,1.13473364293525,1.32225467304092,0.583688806291979,0.685009201135199,58.6079395653317,2.43051427933818,4.69870434329522,7.22808354514041,2.72553713476291,4.14712166125227,58.6079395653317,2.43051427933818
2020-10-14,70690,838,NA,68659.1428571429,784.142857142857,NA,773.71428571429,16.4285714285714,NA,NA,31304.4625903297,138210.921464789,1322.91001296093,967.597402597399,32698.9195906899,14854.4453825396,212525.652191423,80184.9845037764,99,42.5209252882226,1948.88233915067,781.529581529598,1.18545763191399,1.35045700015992,0.606319667880583,0.710307813770522,58.4857834723444,2.49859959735017,4.74411345515068,7.29497926387003,2.7523632709614,4.27219536933646,58.4857834723444,2.49859959735017
2020-10-15,72187,838,NA,69417.4285714286,797.142857142857,NA,758.28571428571,13,NA,NA,31107.1166468534,139510.224871962,1299.30340717311,1483.64935064936,32536.5700151263,14742.9619770563,214893.918000474,80950.9296697216,99,42.4301621388098,2368.26580905175,765.945165945173,1.16087384155042,1.33910572695682,0.600672818618916,0.703672678434685,58.3609424942179,2.42226809505906,4.78871226623569,7.37627039174199,2.77865446943658,4.15053733449007,58.3609424942179,2.42226809505906
2020-10-16,72404,859,NA,70158.5714285714,809.714285714286,NA,741.14285714287,12.5714285714286,NA,NA,30797.5975815406,140782.935243878,1272.71037191668,1569.65800865802,32353.6818851835,14695.4482685425,217387.165401667,81699.5588183508,99,42.3374540667668,2493.24740119276,748.629148629159,1.18639854151704,1.35173163786566,0.610159177681552,0.714558817781069,58.2334263550255,2.38252796049255,4.83239826684931,7.46185153408342,2.80435129266364,4.09138007345794,58.2334263550255,2.38252796049255
2020-10-17,72512,859,NA,70903.2857142857,822,NA,744.714285714275,12.2857142857143,NA,NA,30454.358129905,142064.643844191,1281.70860031238,1612.66233766233,32415.5653500915,14553.2563493506,220197.873042399,82451.7954705874,99,42.2428081601276,2810.70764073214,752.236652236636,1.18463150926743,1.35099598974426,0.604654315638244,0.708030162778363,58.1032448040663,2.41807021023806,4.87639313318752,7.55832955329907,2.83017194406739,4.16171617581175,58.1032448040663,2.41807021023806
2020-10-18,73998,859,NA,71633.5714285714,834.142857142857,NA,730.285714285725,12.1428571428571,NA,NA,30067.8068156948,143324.399889288,1259.75604509719,1634.16450216449,32264.5911671125,14450.2044012987,222832.067357589,83189.4578082498,99,42.1462315239607,2634.1943151895,737.662337662347,1.16084218492392,1.36471787104947,0.599339680238355,0.701722872158011,57.9704076140696,2.39794731346324,4.91963447432333,7.64874872250601,2.8554923296373,4.13653783055819,57.9704076140696,2.39794731346324
2020-10-19,74619,872,NA,72403.2857142857,846.285714285714,NA,769.714285714275,12.1428571428572,NA,NA,29644.8700886915,144655.281344103,1330.88145481484,1741.67532467534,32753.7415423607,14291.8364359307,226288.822128441,83966.9469857389,99,42.0477312834833,3456.7547708526,777.489177489173,1.1686031707742,1.35857849207878,0.602812418528782,0.70595804669986,57.8349245854787,2.5599075791876,4.96531720728019,7.76740241966507,2.8821797782779,4.42626714669506,57.8349245854787,2.5599075791876
2020-10-20,75920,895,NA,73190,860,NA,786.71428571429,13.7142857142857,NA,NA,28994.9862948927,146018.81313472,1363.53179061675,1999.70129870127,32978.2875108535,14087.1428730191,229920.390074956,84761.6078803998,99,41.947314579695,3631.56794651478,794.660894660905,1.17887249736565,1.37518588995315,0.612934717647826,0.718356941736586,57.6968055404448,2.65377556707797,5.01212066858291,7.89205660889819,2.90945664903954,4.59955394149927,57.6968055404448,2.65377556707797
2020-10-21,76310,952,NA,73992.8571428571,876.285714285714,NA,802.857142857145,16.2857142857143,NA,NA,27900.8649672182,147413.72643908,1394.91330436015,2472.74891774893,33194.1074166282,13663.0216066497,234348.521336042,85572.5746913667,99,41.8449885666923,4428.13126108603,810.966810966813,1.24754291704888,1.40051097873662,0.645801461638937,0.75755158947645,57.5560603191332,2.76893186887535,5.0600013056979,8.04405296978088,2.93729322315983,4.81087761233346,57.5560603191332,2.76893186887535
2020-10-22,77732,952,NA,74785,892.571428571429,NA,792.142857142855,16.2857142857142,NA,NA,27307.6168613823,148793.461017226,1379.73457814677,1956.69696969698,33089.7188492716,13482.4365834858,237580.751816305,86372.718991511,99,41.7407604028039,3232.23048026243,800.144300144311,1.22472083569186,1.40063934433579,0.639813062678731,0.751532497477371,57.4126987675306,2.8391144527119,5.10736093044644,8.15499983236632,2.96475831275005,4.94513191532907,57.4126987675306,2.8391144527119
2020-10-23,78222,975,NA,75616.1428571429,909.142857142857,NA,831.142857142855,16.5714285714286,NA,NA,26850.2087291264,150244.814789732,1451.35377250606,1892.19047619046,33582.2651268243,13372.7546296835,241300.7413173,87212.2572310492,99,41.6346372603118,3719.98950099593,839.538239538233,1.24645240469433,1.42100198056059,0.648940864524684,0.76378589554003,57.2667307508159,3.04361095591297,5.15717889625809,8.28268910653985,2.99357560602974,5.31483131564852,57.2667307508159,3.04361095591297
2020-10-24,78294,975,NA,76442.1428571429,925.714285714286,NA,826,16.5714285714286,NA,NA,26430.5760130557,151690.939649419,1446.12485968685,1849.18614718616,33546.3043544672,13279.0744335221,244419.249409412,88046.6006653926,99,41.5266263183638,3118.50809211182,834.343434343435,1.24530615372826,1.42070057200738,0.642754275405883,0.757625442855985,57.1181661436114,3.07630841937603,5.20681737874528,8.38973242875338,3.02221458673499,5.38589801768705,57.1181661436114,3.07630841937603
2020-10-25,80104,975,NA,77314.4285714286,942.285714285714,NA,872.28571428571,16.5714285714287,NA,NA,26117.5325096075,153222.151557227,1531.21190780718,1827.68398268399,34131.4730260019,13242.7457655318,248122.399765929,88927.6973464893,99,41.4167347480989,3703.1503565163,881.096681096693,1.21716768201338,1.44358506340306,0.636330967873043,0.751780728599172,56.967014809524,3.30027290287298,5.25937648867326,8.51684369642025,3.05245838061017,5.79333536677682,56.967014809524,3.30027290287298
2020-10-26,80451,976,NA,78147.5714285714,957.142857142857,NA,833.14285714287,14.8571428571428,NA,NA,25741.4491560953,154688.609329256,1466.45777202898,1827.68398268399,33686.1397767379,13168.5931437175,250793.333915932,89769.2557880478,99,41.3049697243125,2670.93415000348,841.558441558445,1.21316080595642,1.4311560536833,0.630944970177202,0.746180892604162,56.8132866171894,3.18996046440873,5.30971290184496,8.60852396672422,3.0813450176688,5.61484041989625,56.8132866171894,3.18996046440873
2020-10-27,83159,983,NA,79181.7142857143,969.714285714286,NA,1034.14285714286,12.5714285714286,NA,NA,25489.9395641476,156513.878958087,1825.26962883148,2064.20779220779,36153.7945163766,13183.1754436231,256776.329314911,90813.8445326365,99,41.1913384164508,5982.99539897931,1044.58874458875,1.18207289649948,1.44268371476179,0.628059317514735,0.745086565814937,56.656991427886,4.01740612986406,5.37236559320715,8.81389130436717,3.11720070451165,7.09078038988055,56.656991427886,4.01740612986406
2020-10-28,83535,1007,NA,80213.8571428571,977.571428571429,NA,1032.14285714286,7.85714285714289,NA,NA,24857.6973584184,158340.740648462,1826.86169037476,2451.24675324676,36164.7435921625,13009.6827617019,260954.673995093,91856.4130752051,99,41.0758479182466,4178.34468018156,1042.56854256854,1.20548273178907,1.45257942699212,0.635970247376624,0.756704370833329,56.4981389987514,4.04920239313043,5.43507293235339,8.95731369825199,3.15298704757555,7.16699106240449,56.4981389987514,4.04920239313043
2020-10-29,86270,1008,NA,81433.5714285714,985.571428571429,NA,1219.71428571429,8,NA,NA,24563.493001874,160505.783045164,2165.04239670234,2451.24675324673,38490.5118381182,13025.5133121039,267447.980702587,93088.4477072397,99,40.9585053087523,6493.30670749411,1232.03463203464,1.16842471311,1.43072820104438,0.62801475490535,0.750392097464179,56.336739066731,4.90677279521986,5.50938838193082,9.18019755860807,3.19527684647929,8.70974638352459,56.336739066731,4.90677279521986
2020-10-30,86805,1029,NA,82659.7142857143,993.285714285714,NA,1226.14285714286,7.71428571428578,NA,NA,24244.3328832233,162688.588294479,2182.80524931461,2494.25108225108,38612.6722032434,13026.9265204494,271810.368173939,94326.9758457678,99,40.8393176729578,4362.3874713523,1238.52813852814,1.18541558665975,1.4347412492752,0.632496729357213,0.758808447840091,56.1728013769368,4.9917174936299,5.58431354445414,9.32993725269365,3.23778953610108,8.88637967388464,56.1728013769368,4.9917174936299
2020-10-31,86845,1029,NA,83881.2857142857,1001,NA,1221.57142857142,7.71428571428567,NA,NA,23923.4983015972,164869.719080818,2181.13078633932,2494.25108225108,38601.1564285579,13023.7221241773,276039.079505481,95560.8863796784,99,40.7182920583463,4228.71133154165,1233.91053391053,1.18486959525592,1.42161248633065,0.624129164371046,0.751709363797805,56.0063356228924,5.0385779639152,5.6591812307502,9.47508849047789,3.2801437256567,8.99645618976229,56.0063356228924,5.0385779639152
2020-11-01,90172,1029,NA,85319.5714285714,1008.71428571429,NA,1438.28571428572,7.71428571428567,NA,NA,23997.3816828898,167445.567830076,2575.84874925797,2494.25108225111,41315.7480273326,13239.4210468086,282993.898210483,97013.7002324922,99,40.5954353459478,6954.81870500173,1452.81385281385,1.14115246417957,1.42695471171918,0.614528060273432,0.744514246120669,55.8373512691711,6.01201596114123,5.74759767845402,9.71381382887264,3.33001180897398,10.7670237721295,55.8373512691711,6.01201596114123
2020-11-02,90619,1046,NA,86772.1428571429,1018.71428571429,NA,1452.57142857142,10,NA,NA,24360.6042474915,170055.015502903,2609.44767282676,2236.22510822507,41546.817713073,13594.4436465981,287029.63456289,98480.9440997361,99,40.4707543656138,4035.73635240708,1467.24386724386,1.15428331806795,1.4112157115745,0.61509506021135,0.749765833264184,55.6658577099527,6.05304088933891,5.8371674149406,9.85234116758063,3.38037520499802,10.8738849400695,55.6658577099527,6.05304088933891
2020-11-03,93286,1057,NA,88218.8571428571,1029.28571428571,NA,1446.71428571429,10.5714285714286,NA,NA,25064.9169197521,172662.090079925,2607.07457702246,1892.19047619047,41911.2983182962,14112.5510145852,290615.558391556,99942.2716610637,99,40.344255897155,3585.92382866651,1461.32756132758,1.13307463070557,1.4215868105156,0.612178388151513,0.750801223293831,55.491864270588,5.93874911715106,5.92665569450891,9.97542861468267,3.43053552281229,10.7020111263904,55.491864270588,5.93874911715106
2020-11-04,93762,1087,NA,89679.8571428571,1040.71428571429,NA,1461,11.4285714285716,NA,NA,26512.0877086103,175303.308487831,2641.21840790589,1182.61904761908,43525.962138482,14909.022876057,294248.445654965,101418.029236821,99,40.2159465479528,3632.88726340915,1475.75757575757,1.1593182739276,1.43523042491489,0.620068160365299,0.765144634573657,55.3153800392584,5.82887127473167,6.0173159668965,10.1001280896932,3.48119115333333,10.5375111210703,55.3153800392584,5.82887127473167
2020-11-05,98509,1087,NA,91428.2857142857,1052,NA,1748.42857142857,11.2857142857142,NA,NA,28467.7766951557,178474.404400783,3171.09591295238,1204.12121212122,47170.0856867056,15934.6837707179,299947.136968757,103184.118702911,99,40.085832861733,5698.69131379144,1766.08946608947,1.10345247642347,1.42166004486608,0.609050918897605,0.758419362536778,55.1364140165894,6.59484631579572,6.12616437503075,10.2957366411158,3.54181247551451,11.9609438072375,55.1364140165894,6.59484631579572
2020-11-06,99407,1166,NA,93228.5714285714,1071.57142857143,NA,1800.28571428572,19.5714285714287,NA,NA,30563.0169260443,181750.33294336,3275.92854257682,1161.11688311686,49686.1115082358,16991.0113320455,304453.041911166,105002.589121381,99,39.9539212942896,4505.90494240931,1818.47041847043,1.17295562686732,1.43605707470139,0.641539402496372,0.806054220188716,54.9549750822601,6.32395494935301,6.23861118105911,10.4504025968765,3.60423178282125,11.5074969768688,54.9549750822601,6.32395494935301
2020-11-07,99619,1166,NA,95053.4285714286,1091.14285714286,NA,1824.85714285713,19.5714285714284,NA,NA,32714.1187095172,185082.123038522,3331.79009516127,1161.11688311689,52278.9725972664,18071.872803907,309035.782121076,106845.879164671,99,39.8202180195829,4582.74020990968,1843.29004329002,1.17045945050643,1.43722715640524,0.629990612198304,0.798527241092028,54.7710717282988,5.970815532125,6.35297544440872,10.6077059363006,3.66750302798363,10.901378300524,54.7710717282988,5.970815532125
2020-11-08,104462,1166,NA,97094.8571428571,1110.71428571429,NA,2041.42857142858,19.5714285714287,NA,NA,35273.3577246289,188822.050365322,3739.92732679998,1161.11688311686,55433.2096581232,19348.3504373846,314179.898302812,108907.92822672,99,39.6847291022829,5144.11618173588,2062.04906204907,1.11619536290709,1.45552913866372,0.617512625111365,0.790971117931723,54.5847122964097,6.24022208747015,6.48134908785395,10.7842786017165,3.7382832137806,11.4321506258763,54.5847122964097,6.24022208747015
2020-11-09,105007,1181,NA,99150.2857142857,1130,NA,2055.42857142857,19.2857142857142,NA,NA,37527.5662755579,192600.696145688,3778.64578036623,1505.15151515152,58057.1932015188,20656.9694850037,319377.270124596,110984.118702911,99,39.5474605610008,5197.37182178395,2076.19047619047,1.12468692563353,1.45371275665106,0.613185737971925,0.793717675444938,54.395905064945,5.82715690051029,6.6110517488224,10.9626792760614,3.8095488060302,10.712464092206,54.395905064945,5.82715690051029
2020-11-10,105462,1181,NA,100889.714285714,1147.71428571429,NA,1739.42857142858,17.7142857142858,NA,NA,39127.6938286863,195809.698157691,3209.00201200289,1591.16017316017,59753.2778866381,21611.9809313685,323791.120377481,112741.117259909,99,39.4084183144117,4413.85025288485,1756.99855699857,1.11983463237944,1.46725254495447,0.603136622502175,0.786050421542207,54.2046581747986,4.63508116753523,6.72120129027254,11.1141854389016,3.86985808120612,8.55105281392295,54.2046581747986,4.63508116753523
2020-11-11,110840,1215,NA,103329.428571429,1166,NA,2439.71428571428,18.2857142857142,NA,NA,41906.305953099,200326.769156562,4517.07099887158,1720.17316017317,68749.2532816138,23210.1905680142,335724.355845716,115205.475124267,99,39.2676079988627,11933.2354682359,2464.35786435787,1.09617466618549,1.48925843615092,0.606509057733785,0.800970712428869,54.0109793785342,6.23527860403642,6.87625052282597,11.5237957819074,3.95444758526774,11.544434534396,54.0109793785342,6.23527860403642
2020-11-12,111112,1215,NA,105129.857142857,1184.28571428571,NA,1800.42857142858,18.2857142857142,NA,NA,43534.9456586188,203672.365572039,3345.59641547647,1698.67099567101,70450.2106233682,24173.2553403347,340326.086081244,117024.089842882,99,39.1250351341446,4601.73023552727,1818.61471861473,1.09349125206998,1.47843517712688,0.596546319176646,0.792966283041792,53.814876268397,4.29632986262893,6.99108869047548,11.6817509572001,4.01687184570156,7.9835154623765,53.814876268397,4.29632986262893
2020-11-13,117374,1256,NA,107696.571428571,1197.14285714286,NA,2566.71428571429,12.8571428571429,NA,NA,45363.4772034594,208459.550796533,4787.18522449429,2945.79653679655,80364.4411309207,25301.0743358755,355251.917321397,119616.730535523,99,38.9807051256545,14925.8312401532,2592.64069264071,1.07008366418457,1.48803974735287,0.602514970026928,0.811953773096891,53.6163562792882,5.89577065974815,7.1554096398992,12.1940826605507,4.10586467972634,10.9961897323433,53.6163562792882,5.89577065974815
2020-11-14,117389,1256,NA,110235.142857143,1210,NA,2538.57142857142,12.8571428571429,NA,NA,47157.3296745191,213212.056947246,4752.50615071334,2945.79653679649,81889.7170960289,26400.4662029891,361788.794019106,122180.944099736,99,38.8346231077165,6536.87669770897,2564.21356421355,1.06994692858786,1.45504395194747,0.58908488477777,0.802484743436935,53.4154264732595,5.59608159814235,7.31854022419988,12.4184620682531,4.19388174771879,10.4765032217392,53.4154264732595,5.59608159814235
2020-11-15,117430,1256,NA,112087.714285714,1222.85714285714,NA,1852.57142857143,12.8571428571429,NA,NA,47680.1616843867,216693.542636768,3481.48568952127,2945.79653679655,81666.7567050767,26806.9287771735,366577.434360754,124052.22837102,99,38.6867940876443,4788.64034164854,1871.28427128428,1.06957336285447,1.46388596738749,0.579620409873205,0.793226048366474,53.2120937376648,3.92849901245377,7.43804281436081,12.5828329648213,4.2581138995323,7.38270320552619,53.2120937376648,3.92849901245377
2020-11-16,124585,1266,NA,114884.571428571,1235,NA,2796.85714285714,12.1428571428571,NA,NA,50041.6819106743,221969.99792799,5276.45529122272,2902.7922077922,94011.2909259289,28189.1261537318,383859.880669519,126877.336596129,99,38.5372229934946,17282.4463087642,2825.10822510823,1.01617369667295,1.43155210385997,0.570347349559694,0.7887566266966,53.0063648508433,5.86588280941514,7.61915804228416,13.1760558823909,4.35508622126309,11.0663536045654,53.0063648508433,5.86588280941514
2020-11-17,125170,1266,NA,117700,1247.14285714286,NA,2815.42857142857,12.1428571428571,NA,NA,52695.698838671,227302.426111398,5332.42818340796,2666.26839826841,96809.2734087355,29706.6636446452,391194.416265878,129721.203839996,99,38.3859146150423,7334.53559635981,2843.86724386724,1.01142446273069,1.43671776642228,0.556967218369921,0.778173818626076,52.7982464009337,5.62617544260969,7.80219454927956,13.4278150678533,4.45270244951268,10.6559731404042,52.7982464009337,5.62617544260969
2020-11-18,130598,1326,NA,120522.571428571,1263,NA,2822.57142857143,15.8571428571429,NA,NA,55294.9205767956,232669.782048657,5367.35593725884,2752.27705627706,99505.6345764138,31185.308731388,398576.993550773,132572.286091078,99,38.2328734214102,7382.57728489436,2851.08225108225,1.01532948437189,1.45431515919166,0.569906409128238,0.804271401317791,52.5877445350301,5.35636601371263,7.98642995738383,13.6812232924694,4.55056633411565,10.1855674287405,52.5877445350301,5.35636601371263
2020-11-19,131032,1326,NA,123368.285714286,1278.85714285714,NA,2845.71428571428,15.8571428571429,NA,NA,57960.1450614961,238103.140732492,5433.35868383464,2752.27705627706,102292.779806731,32687.3304415075,406050.354898306,135446.744965537,99,38.0781037257582,7473.36134753283,2874.45887445888,1.01196654252396,1.41824196297869,0.556901515839204,0.791899133063723,52.3748651857068,5.146433129553,8.17293092102299,13.9377476955215,4.64923262530359,9.82614429527679,52.3748651857068,5.146433129553
2020-11-20,136763,1410,NA,126138.142857143,1300.85714285714,NA,2769.85714285714,22,NA,NA,61313.2984841639,243413.488960354,5310.34822786262,1935.19480519477,106291.099178735,34509.3206117383,413354.520424157,138244.580463373,99,37.9216097041344,7304.16552585096,2797.83549783551,1.03098060147847,1.43552361299191,0.579261242268152,0.829143436804975,52.159614096946,4.77890038735653,8.35520952977792,14.1884644231331,4.74526880601859,9.16206855974619,52.159614096946,4.77890038735653
2020-11-21,136936,1410,NA,128930.571428571,1322.85714285714,NA,2792.42857142858,22,NA,NA,64732.155336764,248789.540618149,5376.05165779489,1935.19480519483,110379.790915649,36286.6698180875,420749.058314916,141065.215384007,99,37.7633952612234,7394.53789075988,2820.63492063494,1.02967809779751,1.41806610086952,0.566744082768382,0.816623961488774,51.9419966394807,4.55435892017486,8.5397434199729,14.4422831975859,4.84208758081029,8.76816578247445,51.9419966394807,4.55435892017486
2020-11-22,136955,1410,NA,131719.857142857,1344.85714285714,NA,2789.2857142857,22,NA,NA,68167.8006085769,254182.380695157,5392.84007700771,1935.19480519483,114491.574432534,38062.8444212621,428166.687985647,143882.675701468,99,37.6034641536754,7417.62967073097,2817.4603174603,1.02953524880435,1.43433069138579,0.554719802428408,0.804320244816074,51.722017980429,4.3089611697813,8.72485357552111,14.6968946013251,4.93879738680649,8.33100651284031,51.722017980429,4.3089611697813
2020-11-23,144632,1456,NA,134583.714285714,1372,NA,2863.85714285716,27.1428571428571,NA,NA,71873.8956461764,259743.302572583,5560.92187742639,1827.68398268396,119011.840591497,39720.9151283328,435815.507258164,146775.460694253,99,37.4418199832169,7648.8192725163,2892.78499278502,1.00669284805576,1.39276614319504,0.560553433170094,0.81580325475153,51.4996830738173,4.20118199201061,8.9157331675399,14.9594416275816,5.03809272513202,8.15769590302244,51.4996830738173,4.20118199201061
2020-11-24,144956,1456,NA,137410.285714286,1399.14285714286,NA,2826.57142857142,27.1428571428571,NA,NA,75531.6414509498,265255.875217184,5512.57264460018,1827.68398268399,123465.604369739,41334.8949263126,443397.824149959,149630.583349375,99,37.2784660534308,7582.3168917952,2855.12265512266,1.00444272744833,1.40748926850509,0.548903958793701,0.801098945141267,51.2749964635879,3.93267431173915,9.10495316389457,15.219705948276,5.13609529729289,7.6697841337802,51.2749964635879,3.93267431173915
2020-11-25,150138,1503,NA,140201.714285714,1424.42857142857,NA,2791.42857142858,25.2857142857142,NA,NA,78587.8622715293,270724.122011789,5468.24679460551,2386.74025974027,126911.590241018,42923.5197459374,450919.172658601,152450.208169,99,37.1134055046293,7521.34850864165,2819.62481962482,1.00107900731327,1.42987640051453,0.555177717017233,0.812071946941724,51.0479624691112,3.69569883978184,9.29265166788712,15.4778775188188,5.23287940019511,7.23967689508851,51.0479624691112,3.69569883978184
2020-11-26,150493,1503,NA,142981.857142857,1449.71428571429,NA,2780.14285714284,25.2857142857144,NA,NA,81646.5569872862,276194.842701572,5470.72068978281,2386.74025974027,130360.978853341,44284.0305684483,458443.923908286,155258.433277225,99,36.9466413558753,7524.75124968501,2808.2251082251,0.998717548324507,1.3877910491033,0.54418105178886,0.79598754334681,50.8185852429839,3.53761349603625,9.48043508875363,15.7361658890283,5.32927220605899,6.96127942872514,50.8185852429839,3.53761349603625
2020-11-27,155307,1529,NA,145631,1466.71428571429,NA,2649.14285714287,17,NA,NA,83555.0428596031,281431.661907222,5236.81920565024,3311.33333333334,131927.982593012,45310.7971060043,465646.953288982,157934.335153127,99,36.7781764745022,7203.02938069671,2675.90187590188,0.98450166444526,1.39677762979067,0.543293526264311,0.793870443149088,50.5868687291052,3.2446362238151,9.66018980127862,15.9834111012058,5.42112299440181,6.41401107270906,50.5868687291052,3.2446362238151
2020-11-28,155396,1529,NA,148268.142857143,1483.71428571429,NA,2637.14285714287,17,NA,NA,85464.0389134782,286668.991294431,5237.32938720845,3311.33333333334,133495.688066428,46325.4424314391,472850.684403424,160598.115816908,99,36.6080134759064,7203.7311144417,2663.78066378069,0.983937810497053,1.40687099212445,0.533367767855157,0.780860199666237,50.3528165248453,3.15616173357876,9.83996202587262,16.2306804005138,5.51255772007096,6.26811884473411,50.3528165248453,3.15616173357876
2020-11-29,155396,1529,NA,150902.571428571,1500.71428571429,NA,2634.42857142855,17,NA,NA,87392.3219550678,291925.607669354,5256.61637492297,3311.33333333331,135089.921998001,47337.3460541322,480080.943976023,163259.154777947,99,36.4361548154171,7230.25957259862,2661.03896103895,0.983937810497053,1.35394648657009,0.523763575318752,0.76325296236622,50.1164320074085,3.08248532033185,10.0203962796099,16.4788602936732,5.60389833632581,6.15067628648425,50.1164320074085,3.08248532033185
2020-11-30,159697,1560,NA,153054.714285714,1515.57142857143,NA,2152.14285714287,14.8571428571429,NA,NA,87606.8917804116,296240.445892966,4314.83822361217,4085.41125541125,134077.383221712,47482.697115769,486015.826445155,165433.036451829,99,36.2626028120381,5934.88246913272,2173.8816738817,0.976849909516146,1.3640033736873,0.526599261386354,0.765936014745324,49.8777183664891,2.46260952446359,10.1685038376559,16.6825761467921,5.67851719560022,4.93731958035239,49.8777183664891,2.46260952446359
2020-12-01,160005,1560,NA,155204.571428571,1530.42857142857,NA,2149.85714285713,14.8571428571427,NA,NA,87837.8099256703,300571.632436493,4331.18654352706,4085.41125541122,133087.330886916,47625.7393750969,491973.19535578,167604.609323401,99,36.0873596231873,5957.36891062476,2171.57287157286,0.974969532202119,1.30389061583364,0.519011054820554,0.748346618823255,49.6366785695266,2.45396748759729,10.3171725545716,16.887063850851,5.75305680484155,4.94388792423234,49.6366785695266,2.45396748759729
2020-12-02,164588,1679,NA,157268.857142857,1555.57142857143,NA,2064.28571428571,25.1428571428573,NA,NA,88186.0654960103,304750.913980859,4179.28154436604,3805.88311688314,132352.387094017,47809.8377921353,497721.625189255,169689.746408539,99,35.9104272659793,5748.42983347451,2085.1370851371,1.02012297372834,1.3251424141712,0.55094174388775,0.787478918425061,49.3933153909791,2.35009547161443,10.4606271064794,17.084379685446,5.82462949096934,4.75795280859417,49.3933153909791,2.35009547161443
2020-12-03,164878,1679,NA,159323.857142857,1580.71428571429,NA,2055,25.1428571428571,NA,NA,88536.3193519905,308932.193810865,4181.27983000613,3805.88311688314,131620.191860808,47844.3096536071,503472.80358242,171765.503984296,99,35.7318076316711,5751.17839316517,2075.75757575757,1.01832870364755,1.34609068016204,0.543484956775959,0.774826965109164,49.1476314321931,2.33028361261337,10.6041502498826,17.2817898648213,5.89588022383774,4.7414291662613,49.1476314321931,2.33028361261337
2020-12-04,170902,1786,NA,161551.714285714,1617.42857142857,NA,2227.85714285716,36.7142857142856,NA,NA,90496.8271226672,313488.173443014,4555.97963214858,2558.75757575757,133508.065772416,48030.0288695605,509739.366138716,174026.366057392,98.5401617094696,35.5515024839044,6266.56255629647,2260.8620730963,1.04504335818188,1.29825305729307,0.569718461907037,0.80461324353366,48.8996291189849,2.51630052809383,10.7605350279103,17.4968906935097,5.97348470015221,5.14588777294383,48.8996291189849,2.51630052809383
2020-12-05,171113,1786,NA,163797,1654.14285714286,NA,2245.28571428571,36.7142857142858,NA,NA,92516.6019749092,318103.420156727,4615.24671371386,2558.75757575757,135477.459116538,48561.1588177193,516087.448127527,176316.638862694,98.0357322100777,35.3695134726274,6348.08198881045,2290.27280530159,1.04375471179864,1.3215170225636,0.561452624156021,0.785737323861516,48.6493107207904,2.48104493958929,10.9189541586224,17.7147896906247,6.05209870486649,5.09989892513906,48.6493107207904,2.48104493958929
2020-12-06,171114,1786,NA,166042.428571429,1690.85714285714,NA,2245.42857142858,36.7142857142858,NA,NA,94560.7637590286,322743.053802319,4639.63364559133,2558.7575757576,137480.395682207,48404.1048373361,522469.073337884,178619.013453739,97.5266396772186,35.185842123479,6381.6252103576,2302.37459104534,1.04374861203642,1.29470370362268,0.55338139084906,0.767611498267748,48.3966783360634,2.42703295445625,11.078210374931,17.9338400645411,6.13112810544072,5.01492007547965,48.3966783360634,2.42703295445625
2020-12-07,176597,1856,NA,168456.714285714,1733.14285714286,NA,2414.28571428571,42.2857142857142,NA,NA,97297.2067391155,327758.007604916,5014.95380259771,2236.2251082251,140541.305947338,49064.8713859935,529366.935983968,181107.637145254,97.0128879877498,35.0004898351592,6897.86264608358,2488.62369151466,1.05098048098212,1.32268671556784,0.566271443240296,0.779494127750801,48.1417338886578,2.55313349384367,11.2503495196507,18.170610376498,6.21655053815874,5.30341930758664,48.1417338886578,2.55313349384367
2020-12-08,177026,1856,NA,170888.285714286,1775.42857142857,NA,2431.57142857142,42.2857142857142,NA,NA,99781.0588259961,332836.00254894,5077.99494402343,2551.85714285713,143688.926709061,48990.6357943059,536351.509126643,183627.544410709,96.4944806463803,34.8134578721032,6984.5731426751,2519.90726545523,1.04843356343136,1.29817901876134,0.557631982654009,0.762488557198362,47.8844791177526,2.49909183868521,11.4246525623033,18.4103570410413,6.30304678488859,5.2190552167023,47.8844791177526,2.49909183868521
2020-12-09,182331,1941,NA,173423,1812.85714285714,NA,2534.71428571429,37.4285714285716,NA,NA,101281.493455788,338158.246702542,5322.24415360176,3784.38095238101,144550.282430209,49080.892291582,543672.037008964,186268.658050842,95.9714208127163,34.6247473742398,7320.52788232069,2641.11364013323,1.06454744393438,1.32387184002537,0.573991620469746,0.780177492662006,47.6249155912728,2.54024831418433,11.6073395007384,18.6616354093298,6.39370346110452,5.33392230571835,47.6249155912728,2.54024831418433
2020-12-10,182589,1941,NA,175953.142857143,1850.28571428571,NA,2530.14285714287,37.4285714285713,NA,NA,102801.702954288,343500.265724851,5342.0190223091,3784.38095238092,145438.837669749,49829.0929234905,551019.764409676,188919.584783718,95.4437112789869,34.4343593489545,7347.72740071232,2650.9267328752,1.0630432282339,1.35101727887679,0.565065065060175,0.76362491951315,47.3630446948356,2.49810020619253,11.7907052149151,18.9138474057268,6.48469697340272,5.2744275780659,47.3630446948356,2.49810020619253
2020-12-11,188086,2072,NA,178408,1891.14285714286,NA,2454.85714285713,40.8571428571429,NA,NA,102446.925761769,348712.401952246,5212.13622739498,5526.05627705625,143189.854358223,49614.5665400925,558188.843369212,191506.05840032,94.9113544827953,34.2422946756903,7169.07895953569,2586.47361660202,1.10162372531714,1.30755493745703,0.594185921808353,0.797710654895902,47.0988676380789,2.38792377756798,11.969612680001,19.1599272639067,6.5734781214905,5.07008743786338,47.0988676380789,2.38792377756798
2020-12-12,188228,2072,NA,180853,1932,NA,2445,40.8571428571429,NA,NA,102100.758576636,353933.148187026,5220.74623477994,5526.05627705628,140952.713757648,49385.7413633668,565369.7650397,194096.804652165,94.3743524962409,34.0485541020231,7180.92167048797,2590.7462518457,1.10079265571541,1.33281823449874,0.585421289476145,0.781132556744882,46.8323854492624,2.38656910559063,12.1488156850592,19.4064136251602,6.66240592851184,5.09604968227186,46.8323854492624,2.38656910559063
2020-12-13,188228,2072,NA,183297.857142857,1972.85714285714,NA,2444.85714285713,40.8571428571429,NA,NA,101784.421134799,359183.724165103,5250.5759780769,5526.05627705631,138756.602741818,49164.5760592546,572591.716294931,196702.353633767,93.8327070464001,33.8531382510507,7221.95125523186,2605.5489816021,1.10079265571541,1.31402918838478,0.576863554944261,0.765354776886033,46.5635989854316,2.39451806958439,12.3290426011444,19.6543083339088,6.7518418417571,5.14254355332322,46.5635989854316,2.39451806958439
2020-12-14,192746,2109,NA,185604.857142857,2009,NA,2307,36.1428571428571,NA,NA,100367.165272433,364167.25185252,4983.52768741752,6364.64069264065,134774.892073957,48464.3706796487,579446.353612419,199175.382410982,93.2864195215044,33.6560476236219,6854.63731748716,2473.02877721467,1.09418613097029,1.33494581143309,0.579129504169172,0.763591376063011,46.2925089354834,2.26651909918743,12.5001030390998,19.8895949290883,6.83672897638161,4.89615958105958,46.2925089354834,2.26651909918743
2020-12-15,193017,2109,NA,187889.285714286,2045.14285714286,NA,2284.42857142858,36.1428571428571,NA,NA,98930.46790626,369131.33803613,4964.08618361002,6364.64069264065,130766.44041741,47754.5176364992,586274.24994122,201638.763524653,92.735491018851,33.4572826156216,6827.89632880094,2463.38111367114,1.09264987021869,1.31683881418278,0.571341358124835,0.749382633676541,46.0191158439411,2.2760324567293,12.6704961441208,20.1239636352696,6.9212849533093,4.94592645925155,46.0191158439411,2.2760324567293
2020-12-16,197429,2247,NA,190046.142857143,2088.85714285714,NA,2156.85714285716,43.7142857142856,NA,NA,97968.3065067235,373846.458021875,4715.119985745,5633.56709956715,127648.538671873,47273.8875972019,592759.703507038,203978.597502542,92.1799223038695,33.2568435032029,6485.45356581849,2339.83397788854,1.13813066975976,1.34421551575146,0.601048893679373,0.783830853087337,45.743420090642,2.18013426172921,12.8323434419316,20.3465779351981,7.00160015372671,4.76609490032205,45.743420090642,2.18013426172921
2020-12-17,197696,2253,NA,192204.285714286,2133.42857142857,NA,2158.14285714284,44.5714285714289,NA,NA,97036.946446994,378593.236490284,4746.77846840897,5633.56709956704,124573.32472399,46808.1106395273,599288.702013368,206334.14170491,91.6197138212467,33.0547304468007,6528.99850632949,2355.54420236833,1.13962852055681,1.37289799700673,0.595097794373255,0.771771965463145,45.4654218962578,2.20285516160905,12.9952774225602,20.5706869226375,7.08245461027923,4.84521845652523,45.4654218962578,2.20285516160905
2020-12-18,203361,2341,NA,194386.428571429,2171.85714285714,NA,2182.14285714287,38.4285714285711,NA,NA,95678.2382021532,383422.575864491,4829.33937420684,6149.61904761911,121734.182468045,46135.0878585215,606923.321662184,208730.655980832,91.0548657717954,32.8509435188646,7634.61964881641,2396.51427592224,1.15115484286564,1.35998618812948,0.610553511284989,0.790236455708625,45.1851213604398,2.24872744127692,13.1610453203634,20.8327465443884,7.16471537159511,4.97680476461082,45.1851213604398,2.24872744127692
2020-12-19,203425,2341,NA,196557.428571429,2210.28571428571,NA,2171,38.4285714285716,NA,NA,94325.1087035887,388257.493984974,4834.91812048311,6149.61904761905,121772.549148044,45464.8334779234,617435.450246945,211129.938657162,90.48537804311,32.6454826788408,10512.1285847608,2399.28267632995,1.15079267543321,1.38138540313472,0.602950370892416,0.778849281624947,44.902518427408,2.26901175635308,13.3270047095841,21.193577151208,7.24707115872722,5.05331014798546,44.902518427408,2.26901175635308
2020-12-20,203430,2341,NA,198729.142857143,2248.71428571429,NA,2171.71428571429,38.4285714285716,NA,NA,93004.4534557385,393124.886356171,4867.39237119746,6149.61904761905,121995.884127566,44810.6941390331,628132.547131229,213545.3363752,89.9112502051436,32.438347771576,10697.0968842843,2415.39771803777,1.1507643906995,1.36626867433488,0.59548506880306,0.768168327838727,44.6176128837555,2.30231510792188,13.4940787830001,21.5607568264605,7.32998009741484,5.16022980317253,44.6176128837555,2.30231510792188
2020-12-21,207542,2448,NA,200842.857142857,2297.14285714286,NA,2113.71428571426,48.4285714285716,NA,NA,92284.0688595142,397892.977950423,4768.09159425186,5440.04761904763,121312.963459718,44384.3862083611,636729.311445066,215911.457015957,89.3324815863318,32.2295385547822,8596.76431383693,2366.12064075659,1.17952028986904,1.39323794389965,0.615240814907022,0.792406893500623,44.3304043962248,2.27264284900978,13.6577443403088,21.8558422279598,7.41119759201915,5.12673470687189,44.3304043962248,2.27264284900978
2020-12-22,207819,2448,NA,202957.428571429,2345.57142857143,NA,2114.57142857145,48.4285714285711,NA,NA,91596.9745425289,402694.359823914,4801.38187349093,5440.04761904763,121541.910507567,44037.2330671719,646237.9434746,218294.097644907,88.7490712144439,32.019054677696,9508.63202953385,2382.64062895038,1.17794811831449,1.37246575731789,0.607905211553108,0.780890702546711,44.0408924823556,2.2913086698996,13.822552592131,22.1822276443459,7.49298213803617,5.20282854107805,44.0408924823556,2.2913086698996
2020-12-23,212612,2493,NA,205126.428571429,2380.71428571429,NA,2169,35.1428571428573,NA,NA,89939.9882873186,407652.178763509,4957.81893959473,6579.66233766224,122617.774251497,43219.2871489042,658514.02699875,220754.368697638,88.1610177704663,31.8068956644413,12276.0835241502,2460.27105273123,1.17255846330405,1.39131117198242,0.611550760641528,0.783707386349922,43.7490764875998,2.36791273352247,13.992730572932,22.6036063053536,7.57743136159159,5.41264486557117,43.7490764875998,2.36791273352247
2020-12-24,212749,2503,NA,207276.857142857,2416.42857142857,NA,2150.42857142855,35.7142857142858,NA,NA,88144.2369654816,412600.817052062,4948.63828855276,6708.67532467539,122554.636212363,42332.6243017628,669870.60324533,223210.083938574,87.5683196317561,31.593060929598,11356.5762465802,2455.71524093597,1.17650376735026,1.41217467385987,0.606639613048603,0.775539541598654,43.4549556067361,2.39088436929891,14.1625934263201,22.9934227222102,7.66172420613001,5.50215580720785,43.4549556067361,2.39088436929891
2020-12-25,212749,2503,NA,208618,2439.57142857143,NA,1341.14285714287,23.1428571428569,NA,NA,85444.4923268155,415708.297521621,3107.48046955891,5784.08225108217,116990.653620901,41000.6017205987,674144.814793062,224752.141915949,86.9709749451696,31.3775498045855,4274.21154773177,1542.05797737508,1.17650376735026,1.38143424212836,0.602104893003686,0.763673180188826,43.1585289201593,1.52148100802897,14.2692582235084,23.1401357626765,7.71465560924601,3.52544939583043,43.1585289201593,1.52148100802897
2020-12-26,212749,2503,NA,209950,2462.71428571429,NA,1332,23.1428571428573,NA,NA,82745.0748713749,418816.105174405,3107.80765278451,5784.08225108229,116992.903756235,39668.7415010353,683985.259067591,226294.362254925,86.3689815480334,31.1603615091503,9840.44427452877,1542.22033897578,1.17650376735026,1.39115965209307,0.597636998452505,0.75202201108997,42.8597953546632,1.55885118297448,14.3759342513167,23.4779106909722,7.76759258545166,3.63722408332359,42.8597953546632,1.55885118297448
2020-12-27,212749,2503,NA,211281.285714286,2485.85714285714,NA,1331.28571428571,23.1428571428569,NA,NA,80065.9623074006,421944.217718656,3128.11254425091,5784.08225108229,117132.546470697,38346.9573930266,693963.095921246,227846.658705456,85.7623370736132,30.9414951894178,9977.83685365564,1552.29645053053,1.17650376735026,1.36337602648872,0.593206375367123,0.740186000018431,42.558753735778,1.60883922028194,14.4833072479882,23.8204016429827,7.8208754259052,3.78042143186586,42.558753735778,1.60883922028194
2020-12-28,218795,2544,NA,212888.857142857,2499.57142857143,NA,1607.57142857142,13.7142857142858,NA,NA,76567.430532283,425748.633995486,3804.41627683042,7289.23376623378,121783.686279752,36628.3315282528,710997.10386217,229734.564527041,85.1510393257741,30.7209500530623,17034.0079409234,1887.90582158498,1.16273223793962,1.36896057734662,0.597535681119054,0.740610780789842,42.2554029736924,2.00772776579169,14.6138944856437,24.4050968711979,7.88567811526806,4.75160251271816,42.2554029736924,2.00772776579169
2020-12-29,219169,2569,NA,214510.285714286,2516.85714285714,NA,1621.42857142858,17.2857142857142,NA,NA,73126.0804151154,429613.803358838,3865.16936335189,7289.23376623372,122201.503135746,34936.2823831063,723801.360278603,231652.618496824,84.5350859241706,30.4987252412984,12804.2564164334,1918.05396978368,1.1721548211654,1.33814167075547,0.5979789243071,0.736710247647519,41.9497418871824,2.11755536329935,14.7465670833572,24.8446051568284,7.95151564496049,5.04805938567081,41.9497418871824,2.11755536329935
2020-12-30,225206,2736,NA,216309.428571429,2551.57142857143,NA,1799.14285714287,34.7142857142858,NA,NA,72122.3582076643,433934.327904634,4320.52454579563,5289.5324675325,125333.114739079,34438.4105680231,735943.532321497,233796.638196242,83.9144741828536,30.2748197850843,12142.1720428932,2144.01969941735,1.21488770281431,1.35557484995401,0.630510154200405,0.773027339771589,41.6417691433709,2.46021343622964,14.8948698253822,25.2613872833995,8.02510948686759,5.90832234035966,41.6417691433709,2.46021343622964
2020-12-31,225212,2736,NA,218089.857142857,2584.85714285714,NA,1780.42857142855,33.2857142857142,NA,NA,71021.2126569097,438242.009193706,4307.68128907226,5375.54112554115,125244.787882748,33893.2008532556,745010.286051246,235934.284550217,83.2892011401795,30.0492326159127,9066.75372974982,2137.64635397572,1.21485533630535,1.37325857091248,0.624312581314099,0.761727165215974,41.3314832725703,2.46849913007965,15.0427317204293,25.5726051517703,8.09848456260525,5.97274048731049,41.3314832725703,2.46849913007965
2021-01-01,230108,2872,NA,220569.714285714,2637.57142857143,NA,2479.85714285716,52.7142857142858,NA,NA,73530.7954302139,444287.656902075,6045.64770836907,3483.35064935061,137197.294441836,34449.4395656793,762926.429972971,238934.380405498,82.6592636529279,29.8219625997668,17916.1439217251,3000.09585528087,1.24810958332609,1.36841824399543,0.646428041693945,0.78864861829012,41.0188827149868,3.49152985810123,15.2502496092792,26.1875798480003,8.20146336459092,8.51245350818561,41.0188827149868,3.49152985810123
2021-01-02,230119,2872,NA,223051.142857143,2690.28571428571,NA,2481.42857142858,52.7142857142858,NA,NA,76091.0125743734,450383.9389813,6096.28207922453,3483.35064935067,139618.84228519,35013.5193944674,771311.615178963,241959.603091429,82.0246583158537,29.593008508096,8385.18520599115,3025.22268593099,1.24804992199688,1.39380765128756,0.63767815666252,0.77804285468683,40.7039657807996,3.37449928254417,15.4595055315459,26.4754027605319,8.30530464932476,8.29078761294015,40.7039657807996,3.37449928254417
2021-01-03,230119,2872,NA,225532.571428571,2743,NA,2481.42857142855,52.7142857142858,NA,NA,78699.1156265168,456528.106968508,6144.16798720817,3483.35064935056,142106.255225004,35498.219297894,779762.665481415,245008.588709142,81.3853813220145,29.3623689674244,8451.05030245194,3048.98561771231,1.24804992199688,1.38936022570139,0.629095986897936,0.768229827613332,40.3867305808493,3.26095572660951,15.6704051457724,26.7654865037347,8.40996160074546,8.07476176138765,40.3867305808493,3.26095572660951
2021-01-04,234069,2890,NA,227714.571428571,2792.42857142857,NA,2182,49.4285714285716,NA,NA,81579.1128651911,461973.96135004,5445.85438153154,2516.42857142864,146044.606088463,35634.8162090299,787253.214147071,247711.042763135,80.7414282132174,29.1300423693169,7490.54866565636,2702.45405399307,1.23467866312925,1.41248612588447,0.625576383472885,0.763352252880029,40.0671749027996,2.77243299905001,15.8573350263665,27.0226008644132,8.50272379713051,6.91984190441985,40.0671749027996,2.77243299905001
2021-01-05,234069,2985,NA,229843.142857143,2851.85714285714,NA,2128.57142857145,59.4285714285711,NA,NA,84273.4527914536,467329.491752493,5355.53040245303,2601.76190476189,148936.540547343,35795.4478373149,794619.525895329,250368.67439142,80.0927941223022,28.8960269577906,7366.31174825772,2657.63162828499,1.27526498596568,1.40236188003459,0.638735635708803,0.77851440887898,39.745296331368,2.60906744099057,16.0411645209714,27.2754507717098,8.59394745610736,6.56483040126093,39.745296331368,2.60906744099057
2021-01-06,239197,3020,NA,231841.857142857,2892.42857142857,NA,1998.71428571426,40.5714285714289,NA,NA,84078.0200384295,472399.656402066,5070.16464957333,5225.02597402601,147003.387398176,35695.5155796381,801593.328790117,252884.695946847,79.4394738551735,28.6603208589099,6973.80289478821,2516.02155542737,1.26255764077309,1.42186485015538,0.639289203341341,0.777834310164501,39.4210922890335,2.37156938216331,16.2151987874313,27.5148277456572,8.68031032517769,6.01632481123107,39.4210922890335,2.37156938216331
2021-01-07,239311,3020,NA,233856,2933,NA,2014.14285714287,40.5714285714284,NA,NA,84179.4215790913,477551.633700303,5151.97729823744,5010.00432900427,147566.037060975,35742.1648941233,810698.062702,255441.316260258,78.7814618610921,28.4229220700689,9104.73391188367,2556.62031341105,1.26195619925536,1.44177358305068,0.632392350246939,0.768203719686135,39.0945600212938,2.39542605754351,16.3920412870121,27.8273492902585,8.76806675354109,6.12761491752854,39.0945600212938,2.39542605754351
2021-01-08,244583,3141,NA,235923.857142857,2971.42857142857,NA,2067.85714285713,38.4285714285716,NA,NA,81540.9390735511,482885.878467491,5334.24476718716,7934.29870129877,148819.544087314,34440.0393113526,825453.767530537,258088.385092095,78.1187522585842,28.1838284693385,14755.704828537,2647.06883183724,1.28422662245536,1.43172397463095,0.650464248399317,0.789408251479965,38.765696609523,2.45634126981602,16.5751401485556,28.3338413755104,8.85892784272809,6.33675626076302,38.765696609523,2.45634126981602
2021-01-09,244583,3141,NA,237990.142857143,3009.85714285714,NA,2066.28571428574,38.4285714285711,NA,NA,78944.3342149752,488262.000881642,5376.12241415138,7934.29870129866,149107.548990321,33158.695117301,839243.970235742,260756.235312652,77.451338848208,27.9430378200727,13790.2027052047,2667.85022055631,1.28422662245536,1.44830700891504,0.643302160382823,0.779996025117775,38.4344989773062,2.5338854236146,16.7596764674746,28.8071924356847,8.95050225662773,6.59315734554153,38.4344989773062,2.5338854236146
2021-01-10,244583,3141,NA,240056.428571429,3048.28571428571,NA,2066.28571428571,38.4285714285716,NA,NA,76394.7918257909,493685.185765185,5423.18488354306,7934.29870129877,149431.211443085,31900.7052313685,853069.830490704,263447.439841327,76.77921511609,27.7005477721841,13825.8602549618,2691.20452867553,1.28422662245536,1.43373173399701,0.636235416935111,0.770509803118748,38.100963892195,2.61721738197423,16.9458282136833,29.2817674473367,9.04287831113732,6.86963154160633,38.100963892195,2.61721738197423
2021-01-11,249712,3248,NA,242291.142857143,3099.42857142857,NA,2234.71428571429,51.1428571428573,NA,NA,74821.3079156473,499602.593629933,5917.40786474815,7439.74891774892,152830.128337519,31119.0150418021,869144.454344845,266383.897879473,76.1023742442255,27.4563558658602,16074.6238541409,2936.45803814568,1.30069840456206,1.45684753932031,0.650116721052467,0.78720154342064,37.7650879708187,2.92500489866921,17.1489442480259,29.8335316531223,9.14367273419456,7.74582628386773,37.7650879708187,2.92500489866921
2021-01-12,249803,3248,NA,244538.857142857,3137,NA,2247.71428571426,37.5714285714284,NA,NA,71844.4529421207,505608.210517878,6005.61688794516,8944.90043290035,153436.767750471,29652.7894802883,884967.331853035,269364.128816348,75.4208091025033,27.2104595286863,15822.8775081899,2980.23093687504,1.30022457696665,1.4745075182492,0.642394631343739,0.78131709647462,37.4268676749264,3.00387811367689,17.3550880721363,30.3766546226406,9.24596966946741,8.02661308021482,37.4268676749264,3.00387811367689
2021-01-13,254104,3347,NA,246668.428571429,3183.71428571429,NA,2129.57142857145,46.7142857142858,NA,NA,71433.3292003893,511350.415780476,5742.20526259759,6106.61471861479,151625.208479388,29445.6786653797,893564.845842026,272213.644209817,74.7345121718595,26.9628560479206,8597.51398899104,2849.51539346948,1.31717721877656,1.49646498254482,0.654541366685204,0.799157424618671,37.0862992732536,2.96389506911992,17.5521902472743,30.6717657568675,9.34377977141556,7.99255200289941,37.0862992732536,2.96389506911992
2021-01-14,254410,3348,NA,248825.428571429,3230.57142857143,NA,2157,46.8571428571427,NA,NA,71150.3027748207,517220.861216379,5870.44543590327,6106.61471861473,152507.153893038,29302.0629740664,904856.007372891,275126.797584025,74.0434753314931,26.7135424937255,11291.1615308654,2913.15337420767,1.31598600683935,1.5184895950493,0.647305677525518,0.793469814114713,36.7433787359289,3.0193377245175,17.753694288236,31.0593368024487,9.44377425790783,8.21807621402486,36.7433787359289,3.0193377245175
2021-01-15,258354,3489,NA,250792.714285714,3280.28571428571,NA,1967.28571428571,49.7142857142858,NA,NA,70721.4191732503,522625.774151605,5404.91293522617,5784.08225108223,150076.623715819,29083.5482330078,912290.242763438,277808.934830077,73.3476900625212,26.4625157926424,7434.23539054696,2682.13724605209,1.3504726073527,1.49925076637296,0.667590496405158,0.819497638138514,36.3981018355368,2.76472369710263,17.9392188467019,31.3145182003532,9.53583907639469,7.59647215041636,36.3981018355368,2.76472369710263
2021-01-16,258354,3489,NA,252760,3330,NA,1967.28571428571,49.7142857142858,NA,NA,70344.6556019174,528082.807117069,5457.03296546359,5784.08225108223,150435.068502989,28890.8975671048,922513.453118374,280516.936151285,72.6471475061349,26.209772748574,10223.2103549356,2708.00132120756,1.3504726073527,1.51937545912059,0.660691837147149,0.812124743833192,36.0504641759767,2.78148123999334,18.1265324340963,31.6654316396507,9.62879168367312,7.71623792234031,36.0504641759767,2.78148123999334
2021-01-17,258354,3489,NA,254727.285714286,3379.71428571429,NA,1967.28571428571,49.7142857142858,NA,NA,70021.3921213419,533593.34017329,5510.53305622109,5784.08225108223,150803.004372514,28724.7958184197,932746.154555664,283251.48638971,71.9418384289203,25.9553100302719,10232.7014372908,2734.55023842549,1.3504726073527,1.50072124442257,0.653868730608015,0.804038716376175,35.7004611752537,2.79636986738267,18.315682421232,32.016670861969,9.72265558706374,7.83362006547501,35.7004611752537,2.79636986738267
2021-01-18,261825,3511,NA,256457.714285714,3417.28571428571,NA,1730.42857142858,37.5714285714284,NA,NA,67181.4409117749,538488.735284069,4895.39511077933,7697.77489177493,146572.519683051,27322.3334566366,941615.651551183,285680.780204082,71.2317530794909,25.6991241196129,8869.49699551845,2429.29381437169,1.340972023298,1.5173639567544,0.652009925174728,0.801155509135162,35.3480879943338,2.47104041311792,18.4837176934608,32.3211178592896,9.8060415116284,6.99128503800091,35.3480879943338,2.47104041311792
2021-01-19,262003,3511,NA,258200.571428571,3454.85714285714,NA,1742.85714285713,37.5714285714284,NA,NA,66469.3398378133,543469.274902748,4980.53961867909,5655.06926406926,147158.0835224,26968.9599913625,951834.915024231,288152.326180268,70.5168813224427,25.4412113599272,10219.2634730485,2471.54597618664,1.34006099166803,1.50140679283517,0.64603468165303,0.790253779382814,34.9933396036182,2.59397914188553,18.6546755654471,32.671895821193,9.89087774885469,7.41356474509041,34.9933396036182,2.59397914188553
2021-01-20,265522,3565,NA,259831.714285714,3486,NA,1631.14285714287,31.1428571428573,NA,NA,64116.3463018797,548178.632016166,4709.35711341712,7031.20779220783,145293.08162313,25809.1533172473,961932.363674413,290489.300386927,69.7972126733667,25.18156796863,10097.4486501813,2336.97420665808,1.34263827479456,1.51486839417866,0.6503354548659,0.791546876219318,34.6362108003173,2.45370886288007,18.8163250516822,33.0184924685225,9.9710947871368,7.08500659839267,34.6362108003173,2.45370886288007
2021-01-21,265709,3565,NA,261445.857142857,3517,NA,1614.14285714284,31,NA,NA,61741.7916466557,552887.787317651,4709.15530148591,7052.70995670994,145291.693703086,24638.7910715829,973929.770626163,292826.174446311,69.0727363188898,24.9201900444527,11997.40695175,2336.87405938399,1.34169335626569,1.52833968511944,0.644796300763973,0.780893869530342,34.2766962183964,2.51722925972487,18.9779676106884,33.4303055086463,10.0513083878466,7.34470314218115,34.2766962183964,2.51722925972487
2021-01-22,268908,3587,NA,262953.571428571,3531,NA,1507.71428571429,14,NA,NA,58690.6335854975,557333.382503246,4445.59518559498,7482.75324675319,143479.113218835,23142.6739671199,984828.72860345,295032.259275252,68.3434411013764,24.6570735619228,10898.9579772877,2206.08482894185,1.33391345739063,1.50852953616241,0.6436004216882,0.776450687722228,33.9147903209838,2.44166644889535,19.1305634237589,33.8044141003493,10.1270326259117,7.20030155755252,33.9147903209838,2.44166644889535
2021-01-23,268908,3587,NA,264461.285714286,3545,NA,1507.71428571432,14,NA,NA,55687.7473521033,561827.249516606,4493.86701335909,7482.7532467533,143811.092785047,21670.5113035021,997872.246631201,297262.29854504,67.6093155013448,24.3922143650202,13043.5180277507,2230.03926978726,1.33391345739063,1.51451067847515,0.638452478601962,0.767552671788099,33.5504873916448,2.56857876653058,19.2848161755515,34.2521350816013,10.2035791042448,7.65687255158467,33.5504873916448,2.56857876653058
2021-01-24,268908,3587,NA,265969,3559,NA,1507.71428571426,14,NA,NA,52734.5217458408,566370.777157096,4543.52764049079,7482.7532467533,144152.623533242,20222.9922593633,1010925.31584093,299516.981434306,66.8703476170447,24.1256081598094,13053.0692097333,2254.68288926611,1.33391345739063,1.48789491507,0.633330698664395,0.759314692842845,33.1837815242478,2.70705941111343,19.4407735368414,34.700183908804,10.2809714790203,8.15893595365406,33.1837815242478,2.70705941111343
2021-01-25,271503,3613,NA,267351.571428571,3573.57142857143,NA,1382.57142857142,14.5714285714284,NA,NA,51278.1538678996,570584.049971796,4213.27281469945,5655.0692640692,141881.363900367,19511.8698537684,1018264.75584176,301607.778470172,66.1265251889382,23.8572505232715,7339.44000082428,2090.79703586589,1.33074036014335,1.49327503899588,0.633210830232389,0.756567404451056,32.8146666351122,2.62135769814136,19.5853948449016,34.9521114387862,10.3527384439223,7.98959140087727,32.8146666351122,2.62135769814136
2021-01-26,271578,3613,NA,268719.428571429,3588.14285714286,NA,1367.85714285716,14.5714285714289,NA,NA,49824.6811904563,574800.217986993,4216.16801519739,5655.06926406932,141901.275046265,18802.1841642102,1027895.36662136,303700.012222074,65.377835608157,23.5871369063557,9630.61077959824,2092.23375190247,1.33037285788981,1.46704507555425,0.62856621952112,0.748209910686638,32.4431364672057,2.66709851281963,19.7301155312127,35.2826837965752,10.4245547243474,8.22215250973911,32.4431364672057,2.66709851281963
2021-01-27,274746,3707,NA,270037.142857143,3608.42857142857,NA,1317.71428571426,20.2857142857142,NA,NA,49225.8970828772,578909.191455172,4108.97346817842,4687.47186147177,141164.066598439,18370.6522010504,1035132.64901602,305739.051687486,64.6242658892408,23.3152626241434,7237.28239466459,2039.03946541174,1.3492462128657,1.47533907566289,0.640342225467508,0.759223530257601,32.0691845766157,2.64426053900577,19.8711567464122,35.5311047493,10.4945451018148,8.24686354233106,32.0691845766157,2.64426053900577
2021-01-28,274823,3707,NA,271339.142857143,3628.71428571429,NA,1302,20.2857142857142,NA,NA,48647.8297248543,583017.379508404,4108.18805323262,4665.96969696973,141158.665068706,17938.587625963,1043065.25114929,307777.701398113,63.8658026051819,23.0416228324139,7932.60213327082,2038.64971062681,1.34886818061079,1.48363307577153,0.635830102204794,0.750883378089289,31.6928043003158,2.64449569249141,20.0121710021098,35.8033926706593,10.5645221008828,8.34558290794788,31.6928043003158,2.64449569249141
2021-01-29,276956,3767,NA,272488.857142857,3654.42857142857,NA,1149.71428571432,25.7142857142858,NA,NA,50125.6830999108,586688.947169175,3671.56766077073,2168,142607.297466598,17566.8542846913,1048115.34142264,309599.682342555,63.1024319557878,22.7662125523081,5050.09027335001,1821.98094444262,1.36014384956455,1.46345733141722,0.642077887810245,0.753999288240345,31.3139887900902,2.36292526916032,20.1381981883578,35.9767378807311,10.6270619075924,7.54723834863061,31.3139887900902,2.36292526916032
2021-01-30,276956,3767,NA,273638.571428571,3680.14285714286,NA,1149.71428571426,25.7142857142858,NA,NA,51702.2185257112,590405.768309261,3716.82114008616,2114.57142857148,144118.174163613,17271.0061286438,1053227.67599511,311444.119900794,62.3341397803916,22.4890266749144,5112.33457247273,1844.43755823822,1.36014384956455,1.47321803867162,0.638035771701133,0.74504328087188,30.932731018841,2.29326621805915,20.2657787080027,36.1522196369878,10.6903725414011,7.41500346773882,30.932731018841,2.29326621805915
2021-01-31,276956,3767,NA,274788.285714286,3705.85714285714,NA,1149.71428571432,25.7142857142853,NA,NA,53332.797932165,594169.274122641,3763.50581338024,2107.21212121216,145693.263708191,17128.18194581,1058404.22341515,313311.724289388,61.5609115471945,22.2100599574233,5176.54742003535,1867.60438859474,1.36014384956455,1.45840173427303,0.633994412713852,0.736676823514539,30.5490237752995,2.22334572746322,20.3949616870218,36.3299055101905,10.7544783806136,7.27919598171337,30.5490237752995,2.22334572746322
2021-02-01,279008,3797,NA,275860.428571429,3732.14285714286,NA,1072.14285714284,26.2857142857147,NA,NA,54667.8047333445,597723.787417327,3554.51329468586,2193.22077922069,146834.372494494,16866.2186183608,1063293.31022343,315075.618104796,60.7827323718397,21.929307029829,4889.08680828125,1763.89381540794,1.36089287762358,1.46697962231943,0.635243247789461,0.734115787802984,30.1628596732438,2.00995321899395,20.5169709621869,36.4977242488599,10.8150243367106,6.66477933373554,30.1628596732438,2.00995321899395
2021-02-02,279155,3797,NA,276942.857142857,3758.42857142857,NA,1082.42857142858,26.2857142857142,NA,NA,56083.7525504131,601359.241727902,3635.45431057527,2193.22077922092,148086.812318333,16590.7072236087,1068293.72806925,316879.678138616,59.9995871055915,21.6467624267425,5000.41784581752,1804.06003381935,1.36017624617148,1.45475919530124,0.63140295126919,0.726523678661617,29.774231195256,1.97968590176853,20.6417585515294,36.6693644443836,10.8769490051061,6.65008285646018,29.774231195256,1.97968590176853
2021-02-03,281322,3872,NA,277882.285714286,3782,NA,939.42857142858,23.5714285714284,NA,NA,56204.0435124845,604556.411477853,3197.16974995018,3053.30735930731,147279.636865779,16107.7012348622,1072691.30353245,318466.243578441,59.2114606714391,21.3624207086519,4397.57546319696,1586.56543982495,1.37635876326771,1.46388288936885,0.640469594977052,0.733218341482878,29.3831308595111,1.67477497007349,20.7515019485662,36.8203119722916,10.9314081344627,5.70070582755009,29.3831308595111,1.67477497007349
2021-02-04,281363,3872,NA,278816.571428571,3805.57142857143,NA,934.285714285681,23.5714285714284,NA,NA,56350.0008158491,607779.247569096,3222.83609124331,3053.30735930731,147456.151848605,15637.4319267573,1078072.56943102,320065.545698907,58.4183377442849,21.0762763465399,5381.26589857601,1599.3021204666,1.37615820132711,1.47300658343646,0.637073413659095,0.725646238152547,28.9895510610737,1.66203995421069,20.8621263471461,37.0050248421908,10.986304452555,5.73417122653716,28.9895510610737,1.66203995421069
2021-02-05,283926,4075,NA,279812.285714286,3849.57142857143,NA,995.714285714319,44,NA,NA,55917.9230666294,611261.559430266,3482.31186117011,3870.38961038971,149240.643083613,15112.4964593681,1086468.75297372,321793.610231518,57.6202026558592,20.7883236875793,8396.18354270118,1728.0645326107,1.43523312412389,1.47028413198565,0.666654059482843,0.756747492192258,28.5934840247121,1.76672818296024,20.9816572957898,37.2932252745061,11.0456205624082,6.17979025865545,28.5934840247121,1.76672818296024
2021-02-06,283926,4075,NA,280808,3893.57142857143,NA,995.714285714261,44,NA,NA,55535.0711209817,614793.097095008,3531.53766474186,3870.3896103896,149579.183422216,14598.9888343528,1093418.98562002,323546.102606503,56.8170395447768,20.4985570092698,6950.23264629487,1752.49237498472,1.43523312412389,1.48607894893243,0.662824618437488,0.749812397532354,28.1949218793629,1.78037504904552,21.102877928538,37.5317931956534,11.1057751621179,6.31557373927109,28.1949218793629,1.78037504904552
2021-02-07,283926,4075,NA,281803.714285714,3937.57142857143,NA,995.714285714261,44,NA,NA,55203.1792175258,618375.594801941,3582.49770693353,3870.38961038948,149929.650630203,14232.8512747464,1100381.1451357,325327.822189753,56.0088328216307,20.2069706872364,6962.15951567888,1781.7195832507,1.43523312412389,1.48295486949158,0.658984609718496,0.743370821480657,27.7938568889295,1.79264439577912,21.2258477734272,37.7707705086268,11.1669329907368,6.45087443775691,27.7938568889295,1.79264439577912
2021-02-08,285338,4167,NA,282708,3990.42857142857,NA,904.285714285739,52.8571428571431,NA,NA,54495.4076670563,621677.078662727,3301.48386078596,3956.39826839836,147997.035706243,13687.6101831062,1105215.02838024,326966.152526685,55.1955667243218,19.9135590347998,4833.88324453868,1638.33033693134,1.46037331165145,1.50180406814544,0.670283679907183,0.753679154357216,27.3902812316183,1.63782449663947,21.3391717701122,37.9366943755543,11.2231689590166,5.98060457311091,27.3902812316183,1.63782449663947
2021-02-09,285341,4167,NA,283591.714285714,4043.28571428571,NA,883.714285714261,52.8571428571427,NA,NA,53761.0861473405,624952.012554267,3274.93389153969,3956.39826839836,147814.443753927,13473.6617772636,1111798.93459642,328755.14504458,54.3772253363223,19.6183163095653,6583.90621618275,1788.9925178953,1.4603579576717,1.50359443165905,0.66677119463443,0.747667398152977,26.984187009002,1.62134840939872,21.4515844345741,38.1626880795005,11.2845764323578,6.00955939544144,26.984187009002,1.62134840939872
2021-02-10,287213,4270,NA,284433.285714286,4100.14285714286,NA,841.571428571478,56.8571428571427,NA,NA,53323.0830157434,628118.723708384,3166.71115411713,3547.85714285704,147070.164138093,13205.1391956887,1117131.89673883,330487.193891576,53.5537930950605,19.3212368968396,5332.96214240743,1732.04884699639,1.48670150724375,1.52473814730051,0.679807787736388,0.760020095798823,26.5755664983007,1.56511374028042,21.5602823351133,38.3457429147296,11.344029304482,5.8903407297953,26.5755664983007,1.56511374028042
2021-02-11,287276,4270,NA,285278,4157,NA,844.714285714261,56.8571428571431,NA,NA,52946.8543866558,631347.209365011,3228.48565662664,3547.85714285704,147495.005572446,13358.4142771036,1123633.97993142,332641.040401563,52.7252543071793,19.0223151347441,6502.08319259458,2153.84650998638,1.48637547167184,1.54588186294197,0.676331491873486,0.753923078700018,26.1644119118333,1.58385923391617,21.6711006559887,38.5689280294338,11.4179604533381,6.05457425571856,26.1644119118333,1.58385923391617
2021-02-12,288475,4329,NA,285927.857142857,4193.28571428571,NA,649.857142857159,36.2857142857147,NA,NA,48811.5489607664,633870.856320074,2523.64695506298,6622.66666666674,142647.62238368,11609.5663709681,1130060.93373899,334192.748886405,51.8915929755296,18.7215452517977,6426.95380757074,1551.70848484198,1.50064996966808,1.54447122657419,0.682946684933889,0.758696286763358,25.7507153111651,1.22715350182524,21.7577252682023,38.7895343151816,11.4712231117691,4.76637750117034,25.7507153111651,1.22715350182524
2021-02-13,288475,4329,NA,286577.714285714,4229.57142857143,NA,649.857142857101,36.2857142857138,NA,NA,44717.7071792179,636435.966919478,2565.11059940397,6622.66666666663,142932.780068803,11712.4460900095,1141620.42842045,336757.859485809,51.0527930594814,18.4189214608321,11559.4946814606,2565.11059940397,1.50064996966808,1.55740576503672,0.680194116142356,0.753131238391068,25.334468736284,1.33109667746588,21.8457731270806,39.1863159419291,11.5592709706475,5.25513050500763,25.334468736284,1.33109667746588
2021-02-14,288475,4329,NA,287227.571428571,4265.85714285714,NA,649.857142857159,36.2857142857147,NA,NA,40666.9820026058,639044.194123818,2608.22720434016,6622.66666666663,143229.305650416,11819.4271398513,1153191.2909984,339366.086690149,50.2088393174297,18.1144382629527,11570.8625779499,2608.22720434016,1.50064996966808,1.55265486771678,0.677417937570877,0.747785674143199,24.9156646236869,1.45292992969886,21.9353009707782,39.5834877736626,11.6487988143451,5.83264967921322,24.9156646236869,1.45292992969886
2021-02-15,289828,4370,NA,287869,4294.85714285714,NA,641.42857142858,29,NA,NA,35300.8666749002,641662.879661913,2618.68553809542,7955.80086580105,143301.230689599,11845.3763890183,1166792.47244784,341984.772228244,49.3597164979154,17.8080901557098,13601.1814494391,2618.68553809542,1.5077908276633,1.56277209071189,0.681042980435851,0.749548839124616,24.4942954049806,1.5768966757236,22.0251877985659,40.0503506469897,11.7386856421328,6.4393407357537,24.4942954049806,1.5768966757236
2021-02-16,289843,4370,NA,288512.142857143,4323.85714285714,NA,643.142857142841,29,NA,NA,29987.9952340035,644334.809086818,2671.92942490417,7955.80086580082,143667.404569167,11977.4852811001,1180687.90273766,344656.701653148,48.5054092728065,17.4998716089915,13895.4302898243,2671.92942490417,1.50771279623796,1.56120724694794,0.678218829461251,0.744858075320087,24.0703534737235,1.82139138481906,22.1169022318507,40.5273136619556,11.8304000754175,7.56901933743168,24.0703534737235,1.82139138481906
2021-02-17,291093,4482,NA,289066.428571429,4354.14285714286,NA,554.285714285739,30.2857142857138,NA,NA,23744.1623156533,646679.123354614,2344.31426779681,8557.86147186137,141414.298714702,11164.6055679768,1192986.98003338,347001.015920945,47.6459027833105,17.1897772620151,12299.077295718,2344.31426779681,1.53971411198483,1.57214245480974,0.693079432771829,0.75913892454592,23.6438314563796,1.84776401890235,22.1973712189834,40.9494815880946,11.9108690625502,7.81750913825205,23.6438314563796,1.84776401890235
2021-02-18,291124,4482,NA,289616.142857143,4384.42857142857,NA,549.714285714261,30.2857142857147,NA,NA,19319.1661439633,650842.274369072,4163.15101445722,8557.86147186148,141576.88644057,11223.264269564,1207701.75090943,351164.166935402,46.781182112072,16.8778017328694,14714.7708760516,4163.15101445722,1.53955015732128,1.58307766267153,0.688646109281218,0.754330490518579,23.2147219503515,2.31421623800086,22.3402720877005,41.454568608445,12.0537699312674,17.5333665560089,23.2147219503515,2.31421623800086
2021-02-19,293215,4573,NA,290293.285714286,4419.28571428571,NA,677.142857142899,34.8571428571431,NA,NA,22340.0816764702,659359.596827986,8517.32245891402,5461.54978354997,145732.031478568,12722.3652105071,1221159.49668003,355390.088499332,45.9112320875283,16.5639395479297,13457.7457705985,4225.92156392918,1.55960643214024,1.58392795700687,0.693551746573427,0.765069099852832,22.7830174268938,3.50491503492914,22.6326306339785,41.9165080276288,12.1988254098024,44.08742279788,22.7830174268938,3.50491503492914
2021-02-20,293215,4573,NA,290970.428571429,4454.14285714286,NA,677.142857142841,34.8571428571422,NA,NA,22628.8726729054,665144.794750828,5785.197922842,5461.54978354962,146129.251613638,12865.6750282871,1230859.3175477,358260.218940098,45.036037234173,16.2481851239143,9699.82086767047,2870.13044076599,1.55960643214024,1.59558054025285,0.687519474870597,0.76044395474164,22.3487102064317,3.03099125411604,22.831208539513,42.2494560334967,12.2973431267655,25.8960464273292,22.3487102064317,3.03099125411604
2021-02-21,293215,4573,NA,291647.571428571,4489,NA,677.142857142841,34.8571428571431,NA,NA,22930.9510224932,670943.280026822,5798.48527599475,5461.54978354985,146544.747956342,13015.5785701878,1240577.41462301,361136.943104984,44.1555818176096,15.9305327841383,9718.09707530541,2876.72416488675,1.55960643214024,1.59568039470784,0.681577733339424,0.756422380637928,21.9117924809191,2.99231893027738,23.030242535711,42.5830313733092,12.3960871744338,25.6242781503541,21.9117924809191,2.99231893027738
2021-02-22,294080,4602,NA,292255,4522.14285714286,NA,607.42857142858,33.1428571428569,NA,NA,21623.8865926665,674034.297848078,3091.01782125549,4364.93939393933,144746.934604232,12366.9601313264,1246219.64156394,362672.918651085,43.2698498597448,15.6109767639955,5642.22694093012,1535.97554610099,1.564880304679,1.60722726767303,0.682754574165194,0.757182812411972,21.4722563213771,2.64889719785125,23.1363422496881,42.7767017755017,12.4488097970588,13.4796756498389,21.4722563213771,2.64889719785125
2021-02-23,294091,4602,NA,292861.857142857,4555.28571428571,NA,606.857142857159,33.1428571428578,NA,NA,21907.6920323331,678716.185538827,4681.8876907489,4364.93939393945,145137.297311067,12507.7959134166,1254050.04456381,364998.348418138,42.3788250466242,15.2895111777072,7830.4029998749,2325.42976705264,1.56482177285262,1.6043918888322,0.678044829054211,0.752869197973017,21.0300936321594,2.80636985360856,23.2970488433045,43.0454816941742,12.5286305704822,21.6514624726931,21.0300936321594,2.80636985360856
2021-02-24,295189,4681,NA,293447,4583.71428571429,NA,585.142857142841,28.4285714285706,NA,NA,21692.0299390177,683087.410891399,4371.22535257204,4558.4588744588,144840.6629738,12400.7756265083,1261517.12084926,367166.592363238,41.4824904749381,14.966129926866,7467.07628544373,2168.24394510023,1.58576369715674,1.61440455812933,0.685271010029522,0.761394365375676,20.5852960251573,2.67090905506675,23.4470918991705,43.301790361398,12.6030559137545,19.9529249640749,20.5852960251573,2.67090905506675
2021-02-25,295215,4681,NA,294031.428571429,4612.14285714286,NA,584.42857142858,28.4285714285716,NA,NA,21990.0843663207,687972.352764589,4884.94187319058,4558.45887445903,145250.624576941,12548.682334794,1269690.79307511,369589.763303532,40.580828890113,14.6408267863347,8173.67222585203,2423.17094029428,1.585624036719,1.62441722742646,0.680405249017579,0.756983302599332,20.1378549379508,2.69417833710351,23.6147683622359,43.5823530548067,12.686231669622,22.519523930787,20.1378549379508,2.69417833710351
2021-02-26,295997,4692,NA,294428.857142857,4629.14285714286,NA,397.42857142858,17,NA,NA,18745.2142011328,689991.010737929,2018.65797334013,5246.52813852811,139174.664535189,10947.4417157639,1272534.70482823,370591.503350453,39.673822829613,14.3135954559473,2843.91175311944,1001.7400469206,1.58515120085677,1.62233661732502,0.680008859098326,0.754732667656468,19.6877617049207,1.80729541189179,23.6840591415113,43.6799708108439,12.7206165676083,9.17985551902582,19.6877617049207,1.80729541189179
2021-02-27,295997,4692,NA,294826.285714286,4646.14285714286,NA,397.42857142858,17,NA,NA,18982.7903040334,695492.114979358,5501.10424142866,5246.528138528,139501.440691123,11065.3366239703,1281781.35277904,373312.37892461,38.7614547626217,13.9844296109032,9246.64795080619,2720.87557415693,1.58515120085677,1.62827734435039,0.674630222103849,0.750777644642368,19.2350076265641,2.12015353903053,23.8728854829709,43.9973635790387,12.8140110858153,29.3467131525029,19.2350076265641,2.12015353903053
2021-02-28,295997,4692,NA,295223.714285714,4663.14285714286,NA,397.428571428522,17,NA,NA,19233.3241570828,701006.176970936,5514.06199157762,5246.52813852823,139846.03969932,11189.6616939046,1291045.8235821,376039.684660495,37.8437069434009,13.6533228488621,9264.47080306872,2727.30573588487,1.58515120085677,1.62358349278858,0.669323631394269,0.746992538655534,18.7795838967253,2.09362763738699,24.0621566014146,44.3153681196776,12.9076263204205,29.0476895296367,18.7795838967253,2.09362763738699
2021-03-01,296644,4700,NA,295590,4677.14285714286,NA,366.285714285739,14,NA,NA,18647.9967762198,705423.351754575,4417.17478363914,4988.50216450216,139040.945966634,10899.1984823485,1298719.75549044,378222.022737875,36.9205613714654,13.3202686755756,7673.9319083388,2182.33807738055,1.58439071749302,1.62810080102162,0.666266574293274,0.744439815411097,18.3214815828325,1.90444291399781,24.21377687934,44.5787771414425,12.9825354471875,22.9662576659297,18.3214815828325,1.90444291399781
2021-03-02,296654,4700,NA,295956.142857143,4691.14285714286,NA,366.142857142841,14,NA,NA,18901.8873118929,710679.74445475,5256.39270017541,4988.50216450228,139390.161953689,11025.1892744871,1307547.99711852,380820.814818951,35.9919999201836,12.9852605512837,8828.24162808177,2598.7920810752,1.58433730878397,1.62618696841766,0.661338674230254,0.741475957308681,17.8606916897152,1.96345820127654,24.3942034554034,44.8818080412384,13.0717394286696,28.187438915039,17.8606916897152,1.96345820127654
2021-03-03,297444,4772,NA,296278.285714286,4704.14285714286,NA,322.142857142899,13,NA,NA,17910.3900069922,713980.17788578,3300.43343102967,4278.93073593045,138026.398199849,10533.1680555138,1313458.18208263,382450.851602126,35.0580047291607,12.6482920322802,5910.18496410782,1630.0367831749,1.60433560603004,1.63069342478303,0.668365894152794,0.749800490235926,17.3972053543203,1.70431086514776,24.5074913959079,45.0846761482845,13.127690719302,17.4608671428967,17.3972053543203,1.70431086514776
2021-03-04,297474,4772,NA,296601,4717.14285714286,NA,322.714285714261,13,NA,NA,18182.1950013023,718543.913616021,4563.73573024094,4278.9307359308,138400.25478778,10668.0487293819,1321105.98738851,384707.790278142,34.1185578327185,12.3093566368743,7647.8053058798,2256.93867601641,1.60417381014811,1.6351998811484,0.664120857413606,0.746740216698597,16.931013661349,1.80185154236731,24.6641424033256,45.3471883699633,13.2051605243424,25.4809399932624,16.931013661349,1.80185154236731
2021-03-05,297989,4779,NA,296885.571428571,4729.57142857143,NA,284.57142857142,12.4285714285716,NA,NA,17339.6540241318,720272.558786037,1728.64517001575,2558.75757575757,137180.16113428,10252.2485881867,1324240.29666541,385565.614197097,33.1736411498092,11.968447841752,3134.30927690258,857.823918955168,1.60375047401079,1.63185455807287,0.663498829950517,0.744783616362227,16.4621076382512,1.56514062190546,24.7234784436568,45.4547740705401,13.2346054766873,9.50735139454799,16.4621076382512,1.56514062190546
2021-03-06,298188,4779,NA,297198.571428571,4742,NA,313,12.4285714285716,NA,NA,18483.5024174178,723987.593326509,3715.0345404722,2558.75757575769,138753.477542647,10819.8726029001,1330168.01600419,387406.862271961,32.2232369224157,11.6255592401429,5927.71933877026,1841.24807486375,1.60268018833756,1.63605814182161,0.660094184493122,0.741695145536686,15.9904784727777,1.80516600120602,24.8509976379652,45.6582440479875,13.2978066309351,21.4250788124258,15.9904784727777,1.80516600120602
2021-03-07,298188,4779,NA,297511.571428571,4754.42857142857,NA,313,12.4285714285716,NA,NA,18782.7143820107,726857.991438288,2870.39811177901,2558.75757575757,139165.03129071,10968.3537281867,1334933.97268265,388828.967457398,31.2673273015397,11.2806843924523,4765.95667846664,1422.10518543702,1.60268018833756,1.63330226815092,0.657487439952808,0.739006383136228,15.516117307531,1.69347064923458,24.9495245427814,45.8218363239476,13.3466206340064,15.5295140875146,15.516117307531,1.69347064923458
2021-03-08,298788,4779,NA,297817.857142857,4765.71428571429,NA,306.285714285739,11.2857142857138,NA,NA,18879.4657119255,729073.240603701,2215.24916541262,2107.21212121204,139298.108764771,11016.36566634,1338654.07946074,389926.896688784,30.3058944306479,10.933816856367,3720.10677808942,1097.9292313864,1.59946182577614,1.63700494830872,0.655489700327337,0.734279285197443,15.0390152813742,1.63075664162387,25.0255633482591,45.9495296236774,13.3843072421574,11.794084285998,15.0390152813742,1.63075664162387
2021-03-09,298806,4779,NA,298125.285714286,4777,NA,307.42857142858,11.2857142857147,NA,NA,19254.3343232276,731566.6070505,2493.36644679995,2107.21212121216,139813.725117956,11202.3906914974,1342756.72511796,391162.839007175,29.3389211251708,10.584950432006,4102.64565721503,1235.94231839047,1.59936547458886,1.62917995327661,0.653255623471904,0.724794182566019,14.5591638666261,1.62846474846521,25.1111485768613,46.0903536356862,13.4267311730618,13.2067638186655,14.5591638666261,1.62846474846521
2021-03-10,299536,4807,NA,298424.142857143,4782,NA,298.857142857101,5,NA,NA,19415.7218183591,733689.691515329,2123.08446482848,1956.69696969702,139892.836250476,11286.5077943447,1346161.16958381,392216.399719045,28.366390231723,10.2340789307391,3404.44446585304,1053.5607118698,1.60481544789274,1.63088518663779,0.655181619094558,0.722699784759012,14.0765545510806,1.55225423066725,25.18402381327,46.2072117727032,13.462894824212,11.0265274778536,14.0765545510806,1.55225423066725
2021-03-11,299562,4807,NA,298722.428571429,4787,NA,298.285714285739,5,NA,NA,19773.8037241751,736009.470390842,2319.77887551289,1956.6969696969,140385.363180851,11464.2025746744,1349979.02984752,393363.538108397,27.3882843845785,9.88119608732742,3817.86026370851,1147.13838935236,1.6046761605277,1.63259041999898,0.653116596101317,0.716454004846405,13.5911787171592,1.53643517140993,25.2636506188774,46.3382604775015,13.5022705451042,11.9479404227936,13.5911787171592,1.53643517140993
2021-03-12,299995,4807,NA,299009,4791,NA,286.57142857142,4,NA,NA,20086.1780777401,738196.533056095,2187.0626652533,1870.68831168825,140332.833163952,11623.4613838549,1353104.884446,394448.847400929,26.4045862818451,9.52629565956228,3125.85459848586,1085.30929253169,1.60236003933399,1.62914853101197,0.651181600663887,0.713168456760558,13.1030277789607,1.44938071417958,25.338721917929,46.4455559697995,13.5395239717013,11.0604044409495,13.1030277789607,1.44938071417958
2021-03-13,299995,4807,NA,299267.142857143,4795,NA,258.142857142841,4,NA,NA,20258.2780813683,740243.321371412,2046.78831531655,1870.68831168837,139969.721673785,11713.1103652472,1355920.15757122,395464.546865672,25.4152794309118,9.16937169720878,2815.27312521776,1015.69946474355,1.60236003933399,1.6304477185633,0.649381069875012,0.708248912052063,12.6120935521818,1.28532029903877,25.4089782759913,46.5421907000489,13.5743880290855,10.1900337007608,12.6120935521818,1.28532029903877
2021-03-14,299995,4807,NA,299525.285714286,4799,NA,258.142857142899,4,NA,NA,20675.2285798729,742534.960181605,2291.63881019293,1870.68831168837,140543.219931618,11920.0181314224,1359672.04044444,396597.505115198,24.4203474239412,8.8104182806169,3751.88287321711,1132.95824952639,1.60236003933399,1.62573808644631,0.647376926040537,0.703716672764775,12.1183678945874,1.27442788053541,25.4876391690564,46.6709747196642,13.6132770142593,11.3121105406316,12.1183678945874,1.27442788053541
2021-03-15,300434,4807,NA,299760.428571429,4803,NA,235.142857142841,4,NA,NA,20995.8413430713,744558.243940474,2023.28375886928,1698.67099567084,140439.676326906,12082.7894489279,1362454.98401921,397601.540664713,23.4197740564706,8.44942956351047,2782.94357477478,1004.03554951411,1.60001863970123,1.62694985010924,0.645617725560274,0.69871993848056,11.6218427648651,1.13748203937692,25.5570887292092,46.7664997325799,13.6477407057637,9.78602848840532,11.6218427648651,1.13748203937692
2021-03-16,300441,4807,NA,299994,4807,NA,233.57142857142,4,NA,NA,21393.1586762932,746658.232269367,2099.98832889309,1698.67099567119,140967.196229559,12283.6246884001,1365868.99110135,398643.640136193,22.4135444805016,8.08640018900112,3414.00708214054,1042.09947148082,1.59998136073306,1.6240029459758,0.643801915287236,0.696675742899755,11.1225107948354,1.11265229753217,25.6291711868122,46.8836861080321,13.6835109478825,10.0019251173571,11.1225107948354,1.11265229753217
2021-03-17,301063,4807,NA,300212.142857143,4807,NA,218.142857142841,0,NA,NA,22694.588242333,748712.237592982,2054.00532361551,752.575757575687,142515.344770741,12630.7626685401,1368694.19092459,399662.920973476,21.4016440968667,7.72132488997404,2825.19982323353,1019.28083728283,1.5966757788237,1.6240029459758,0.642035719284342,0.691165276567179,10.6203647397985,1.01988209615697,25.6996752699154,46.9806615738842,13.7184979364901,9.60122511451125,10.6203647397985,1.01988209615697
2021-03-18,301085,4807,NA,300429.714285714,4807,NA,217.57142857142,0,NA,NA,24092.9060405795,750863.131148805,2150.89355582232,752.575757575803,144196.759089455,13025.9805233091,1371652.65652535,400730.281685388,20.3840581860755,7.35419835590419,2958.46560076461,1067.36071191187,1.59655911121444,1.6240029459758,0.640196568533787,0.685728622359814,10.1153972953457,0.958894853720743,25.7735050581161,47.0822114102823,13.7551352749957,9.47756149111433,10.1153972953457,0.958894853720743
