"date","positive","death","recovered","positive7","death7","recovered7","dif_pos7","dif_dea7","dif_rec7","testPosRate7","Einfected","Epositive","dif_Epositive","dif_Erecovered","Einfected_U","Einfected_L","Epositive_U","Epositive_L","confirmRate_k_U","confirmRate_k_L","dif_Epositive_U","dif_Epositive_L","CFR","CFRadj","ECFR_k","EIFRadj_k","confirmRate_k","NCC7PerEinfected_k","cumIncidence","cumIncidence_U","cumIncidence_L","difEposPerEinfected_k","ascertainmentRate","docuTransmissionRate"
2020-02-15,54,1,12,54,1,12,NA,NA,NA,NA,864.800865800866,865.800865800866,NA,NA,1464.20146520147,428.645542427497,1465.20146520147,429.645542427497,NA,NA,NA,NA,NA,NA,NA,NA,NA,NA,0.000682483702644328,0.00115497241985963,0.000338676123116734,NA,NA,NA
2020-02-16,60,1,12,57,1,12,3,0,0,NA,929.735930735931,930.735930735931,64.9350649350649,0,1574.09157509158,460.86895810956,1575.09157509158,461.86895810956,88.4685956941405,32.8519016540321,109.89010989011,32.2234156820623,NA,NA,NA,NA,43.9017091414532,0.346900670274167,0.000733669980342653,0.00124159535134911,0.000364076832350489,7.50867251675685,43.9017091414532,0.346900670274167
2020-02-17,67,1,12,60.3333333333333,1,12,3.33333333333334,0,0,NA,937.36428630871,938.36428630871,7.62835557277879,0,1584.28574440057,464.65445786748,1585.28574440057,465.65445786748,88.0553043586679,32.6984301741145,10.1941693089968,3.78549975792026,NA,NA,NA,NA,43.696617200542,0.35852474053518,0.000739683174094292,0.00124963109569888,0.000367060823234762,0.820486260732182,43.696617200542,0.35852474053518
2020-02-18,79,2,13,65,1.25,12.25,4.66666666666666,0.25,0.25,NA,947.84810333026,949.09810333026,10.7338170215502,0,1598.37990376828,469.731013682685,1599.62990376828,470.981013682685,87.6113351397732,32.5335667782156,14.3441593677071,5.32655581520538,NA,NA,NA,NA,43.4763016483085,0.497848940308545,0.000748144305832245,0.00126093814721994,0.000371259580337806,1.14510624933444,43.4763016483085,0.497848940308545
2020-02-19,85,2,18,69,1.4,13.4,4,0.15,1.15,NA,956.948486727624,958.348486727624,9.25038339736443,0,1610.59167343491,474.171429503934,1611.99167343491,475.571429503934,87.1380754110448,32.3578266532253,12.3617696666327,4.59041582124854,NA,NA,NA,NA,43.2414509558568,0.422006804021954,0.000755436093310504,0.00127068254303493,0.000374878061342055,0.975935212072826,43.2414509558568,0.422006804021954
2020-02-20,95,2,18,73.3333333333333,1.5,14.1666666666667,4.33333333333333,0.1,0.766666666666666,NA,966.927712150524,968.427712150524,10.0792254229001,0,1623.96106791768,479.073150390486,1625.46106791768,480.573150390486,86.6368482292626,32.1717011026495,13.4693944827698,5.00172088655194,NA,NA,NA,NA,42.9927216776792,0.45282560253214,0.000763381230995305,0.00128130004479785,0.00037882076124579,1.05326729313998,42.9927216776792,0.45282560253214
2020-02-21,112,2,22,78.8571428571429,1.57142857142857,15.2857142857143,5.52380952380953,0.0714285714285714,1.11904761904762,NA,979.783307881751,981.354736453179,12.9270243026551,0,1641.16469596174,485.416636134661,1642.73612453316,486.988064706089,86.1088590127186,31.9756377461534,17.2750566154823,6.41491431560331,NA,NA,NA,NA,42.7307119912739,0.571269946414204,0.000773571199334143,0.00129491743081353,0.00038387743726356,1.33691734554845,42.7307119912739,0.571269946414204
2020-02-22,137,2,22,90.7142857142857,1.71428571428571,16.7142857142857,11.8571428571428,0.142857142857143,1.42857142857143,NA,857.053384555096,1009.28282178453,27.9280853313541,150.515151515152,1422.93333906085,424.944858930671,1680.05788118539,500.847114569769,85.5552362807857,31.7700556477806,37.3217566522303,13.8590498636794,NA,NA,NA,NA,42.4559819137734,1.21016856039823,0.000795586034196982,0.00132433700253646,0.000394802092157901,2.85043489786873,42.4559819137734,1.21016856039823
2020-02-23,149,2,22,103.428571428571,1.85714285714286,18.1428571428571,12.7142857142857,0.142857142857143,1.42857142857143,NA,887.061270380099,1039.43356475239,30.1507429678597,0,1463.08249186352,439.76402461397,1720.34989113092,515.809137395925,84.977050643574,31.5553523675667,40.2920099455259,14.962022826156,NA,NA,NA,NA,42.1690627253826,1.48346529740708,0.000819352920453383,0.00135609793189193,0.000406596186089649,3.51795390009588,42.1690627253826,1.48346529740708
2020-02-24,160,2,22,116.714285714286,2,19.5714285714286,13.2857142857143,0.142857142857143,1.42857142857143,NA,918.648936114419,1071.16408762957,31.730522877177,0,1505.34278693176,455.367141229712,1762.75304334202,531.555111154524,84.3753107263929,31.3319024481299,42.4031522111013,15.7459737585991,NA,NA,NA,NA,41.8704549469318,1.49769369802295,0.000844365097728148,0.0013895230085671,0.000419008243985397,3.57703846810725,41.8704549469318,1.49769369802295
2020-02-25,173,3,22,130.142857142857,2.14285714285714,20.8571428571429,13.4285714285714,0.142857142857143,1.28571428571428,NA,913.188099836893,1103.47489637369,32.3108087441187,37.6287878787879,1484.52598415866,452.711226771906,1805.93166181433,547.589046320778,83.7509400489143,31.1000488289869,43.1786184723135,16.0339351662543,NA,NA,NA,NA,41.5606168663785,1.46174162426972,0.00086983469617527,0.00142355936100571,0.000431647292838856,3.51720961881073,41.5606168663785,1.46174162426972
2020-02-26,192,3,22,145.428571428571,2.28571428571429,21.4285714285714,15.2857142857143,0.142857142857143,0.571428571428569,NA,927.533253181197,1140.54017958812,37.065283214434,22.5772727272727,1495.60385916868,459.833472577565,1855.46393242875,565.982344758016,83.1048022075683,30.8601121977756,49.532270614415,18.3932984372379,NA,NA,NA,NA,41.2399770353346,1.67384166913864,0.000899052097920818,0.00146260409840966,0.000446146153855444,4.05888811090008,41.2399770353346,1.67384166913864
2020-02-27,218,4,22,163,2.57142857142857,22,17.5714285714286,0.285714285714286,0.571428571428573,NA,955.148564120402,1183.49271996456,42.9525403764351,15.0515151515152,1527.17683857482,473.443755771886,1912.86365176163,587.297139230533,82.4377105492865,30.6123945825004,57.3997193328787,21.3147944725166,NA,NA,NA,NA,40.9089390695707,1.89437194201436,0.000932910240077992,0.00150785049920277,0.000462947938685319,4.63083563086489,40.9089390695707,1.89437194201436
2020-02-28,236,5,22,180.714285714286,3,22,17.7142857142857,0.428571428571428,0,NA,987.634701809124,1227.15851133293,43.6657913683757,10.7510822510822,1566.85755122634,489.38478220818,1971.21652558531,608.965877804313,81.7504242527544,30.3571778963455,58.3528738236841,21.6687385737805,NA,NA,NA,NA,40.5678797043744,1.85455386234508,0.000967330615650633,0.0015538482418249,0.000480028726563472,4.5716229923444,40.5678797043744,1.85455386234508
2020-02-29,245,6,32,196.142857142857,3.57142857142857,23.4285714285714,15.4285714285714,0.571428571428572,1.42857142857143,NA,1003.92426918097,1265.52167177838,38.3631604454422,21.5021645021645,1581.06563479975,497.252430033952,2022.48321721733,628.003235619344,81.0436594115461,30.0947280532828,51.2666916320197,19.0373578150313,NA,NA,NA,NA,40.2171542944515,1.56212406688872,0.000997571093363398,0.00159426016898899,0.000495035279413416,3.88434715539759,40.2171542944515,1.56212406688872
2020-03-01,259,6,32,211.857142857143,4.14285714285714,24.8571428571429,15.7142857142857,0.571428571428572,1.42857142857143,NA,1021.27724168289,1304.94823735388,39.4265655755069,21.5021645021645,1596.69480209645,505.647782661111,2075.17099257264,647.568298235761,80.318095691143,29.8252974400873,52.6877753553085,19.565062616417,NA,NA,NA,NA,39.8571001174093,1.56523443424227,0.00102864982003068,0.0016357922919389,0.000510457805428759,3.92724499106611,39.8571001174093,1.56523443424227
2020-03-02,278,6,32,228.714285714286,4.71428571428571,26.2857142857143,16.8571428571429,0.571428571428571,1.42857142857143,NA,1041.89288948302,1347.63747822761,42.689240873726,21.5021645021645,1616.68405251631,515.662207240768,2132.21885105111,668.752432804678,79.5743758249973,29.5491247292053,57.0478584784673,21.1841345689165,NA,NA,NA,NA,39.4880361236829,1.65053897573051,0.00106230041143732,0.00168076133184197,0.000527156595149344,4.17998552512358,39.4880361236829,1.65053897573051
2020-03-03,298,6,43,246.571428571429,5.14285714285714,29.2857142857143,17.8571428571429,0.428571428571429,3,NA,1065.62061728099,1393.29594195632,45.6584637287067,21.5021645021645,1640.78408740111,527.292937898838,2193.23463685166,691.410016309149,78.813095198873,29.2664310110071,61.0157858005537,22.6575835044711,NA,NA,NA,NA,39.1102577678618,1.71385614649313,0.00109829154821424,0.00172885816456389,0.00054501685851233,4.38226080526973,39.1102577678618,1.71385614649313
2020-03-04,333,7,43,266.714285714286,5.71428571428571,32.2857142857143,20.1428571428571,0.571428571428571,3,NA,1095.56343178741,1445.31234953633,52.0164075800137,21.5021645021645,1673.23771702695,541.935881295149,2262.74687453611,717.22266969472,78.0348182032186,28.9774258660715,69.5122376844442,25.8126533855708,NA,NA,NA,0.8085,38.7240451234017,1.89018433418692,0.00113929445297644,0.00178365248416773,0.000565364164634926,4.88132518613776,38.7240451234017,1.89018433418692
2020-03-05,365,7,43,287.714285714286,6.14285714285714,35.2857142857143,21,0.428571428571429,3,NA,1106.91838128447,1500.10019946629,54.787849929957,43.0043290043291,1673.05064722901,547.498702635257,2335.9627351411,744.410625299059,77.2400849317564,28.6823098526386,73.2158606049929,27.1879556043395,NA,NA,NA,0.752093023255814,38.3296662067363,1.91676111343491,0.00118248199893198,0.0018413662537096,0.000586795578417373,5.00088341216087,38.3296662067363,1.91676111343491
2020-03-06,420,7,46,314,6.42857142857143,38.7142857142857,26.2857142857143,0.285714285714286,3.42857142857143,NA,1111.4315586082,1569.40558458223,69.3053851159414,64.5064935064935,1655.91979432791,549.810290093436,2428.57913498726,778.802771296444,76.4294100394706,28.381274082535,92.6163998461566,34.3921459973843,NA,NA,NA,0.745978944652321,37.9273764105644,2.37460248240988,0.0012371132631354,0.00191437286064355,0.00061390582982659,6.26111069142419,37.9273764105644,2.37460248240988
2020-03-07,466,7,76,345.571428571429,6.57142857142857,45,31.5714285714286,0.142857142857142,6.28571428571428,NA,1109.43142284375,1653.55696396929,84.1513793870633,86.008658008658,1622.28409532562,549.033638403665,2541.03501107653,820.562102420851,75.6032908606041,28.0745032357087,112.455876089277,41.7593311244075,NA,NA,NA,0.737542302048432,37.5174225323299,2.84052782094194,0.00130344715959505,0.00200301830525918,0.000646823402505816,7.57144052058793,37.5174225323299,2.84052782094194
2020-03-08,499,8,76,379.857142857143,6.85714285714286,51.2857142857143,34.2857142857143,0.285714285714286,6.28571428571428,NA,1115.55126187191,1745.97117529182,92.4142113225278,86.008658008658,1599.54759233573,552.214482260817,2664.53294032108,866.421786235038,74.7622125451899,27.7621774676264,123.497929244546,45.8596838141867,NA,NA,NA,0.83476940912348,37.1000453231769,3.09030612561392,0.00137629438764906,0.00210036785450197,0.000682973154773219,8.32987144763279,37.1000453231769,3.09030612561392
2020-03-09,527,10,76,415.428571428571,7.42857142857143,57.5714285714286,35.5714285714286,0.571428571428572,6.28571428571428,NA,1125.96084080659,1842.96084080659,96.9896655147761,86.008658008658,1582.63979307019,557.380137972768,2794.14528757568,914.551996189739,73.9066557260143,27.4444752563224,129.612347254604,48.1302099547008,NA,NA,NA,1.03260159478436,36.6754832926086,3.18861671903847,0.00145274830292383,0.00220253720793744,0.000720912691676486,8.69432618919067,36.6754832926086,3.18861671903847
2020-03-10,585,13,101,456.428571428571,8.42857142857143,65.8571428571429,41,1,8.28571428571429,NA,1173.5765793278,1956.08307283429,113.122232027695,64.5064935064936,1623.34939167743,580.721138184148,2945.31642464446,970.68784065461,73.0371127233283,27.12157941985,151.171137068783,56.135844464871,2.22222222222222,7.52551020408163,0.664593451093235,1.32469936885256,36.2439807499223,3.64127388265406,0.00154191901505316,0.00232170068008784,0.000765162819500062,10.0467287962393,36.2439807499223,3.64127388265406
2020-03-11,640,15,118,500.285714285714,9.57142857142857,76.5714285714286,43.8571428571428,1.14285714285714,10.7142857142857,NA,1208.9112626074,2078.56927126541,122.486198431122,86.008658008658,1639.94251021471,597.967780155339,3109.00111827332,1031.47046543998,72.1540785907286,26.7936737912628,163.684693628854,60.7826247853692,2.34375,6.98644421272158,0.721650233521838,1.48620383466729,35.8057833608127,3.73701429500708,0.00163847104858661,0.00245072819690683,0.000813075858697116,10.4370009242414,35.8057833608127,3.73701429500708
2020-03-12,696,19,118,547.571428571429,11.2857142857143,87.2857142857143,47.2857142857143,1.71428571428572,10.7142857142857,NA,1276.4127320636,2212.29151994239,133.72224867698,64.5064935064935,1707.46669948049,630.817059305462,3287.70113171492,1097.82887455788,71.2580589472859,26.4609461269939,178.700013441606,66.3584091179,2.72988505747126,7.57430488974113,0.858837988968776,1.8279186514942,35.3611420339915,3.9114234434761,0.00174388010857707,0.00259159182000267,0.000865384114030725,11.0613783503485,35.3611420339915,3.9114234434761
2020-03-13,733,21,118,592.285714285714,13.2857142857143,97.5714285714286,44.7142857142858,2,10.2857142857143,NA,1359.49166181516,2340.37477869828,128.083258755884,43.004329004329,1803.65667768843,671.180609837383,3458.86546889722,1161.38898792546,70.3496003156786,26.12359937261,171.164337182294,63.5601133675814,2.86493860845839,8.30357142857143,0.897292185471263,1.96048394849307,34.9103279762014,3.50314686149708,0.00184484412944532,0.00272651530554663,0.000915486560476623,10.0346271655258,34.9103279762014,3.50314686149708
2020-03-14,795,22,118,639.285714285714,15.4285714285714,103.571428571429,47,2.14285714285714,6,NA,1472.26191096421,2476.79004949235,136.415270794077,21.5021645021644,1947.32548037441,726.134267309846,3641.16430821324,1229.08378395861,69.4292659911166,25.7818427019845,182.298839316021,67.6947960331509,2.76729559748428,8.91824938067713,0.888246462573974,1.99370190226328,34.4536207173962,3.457228469014,0.00195237601441595,0.00287021577035164,0.000968848247755282,10.0342852130434,34.4536207173962,3.457228469014
2020-03-15,826,24,118,686,17.7142857142857,109.571428571429,46.7142857142857,2.28571428571429,6,NA,1564.40197266228,2614.22015448046,137.430104988109,43.0043290043291,2055.72042227925,770.850388152495,3824.81932337815,1297.28218192263,68.4976291362864,25.4358889531767,183.655015164908,68.1983979640236,2.90556900726392,9.22619047619048,0.918055809449211,2.10426606879093,33.9913046841722,3.17303557666627,0.00206070786139363,0.00301498526609822,0.0010226069086615,9.33462340937035,33.9913046841722,3.17303557666627
2020-03-16,843,30,144,731.142857142857,20.5714285714286,119.285714285714,45.1428571428571,2.85714285714286,9.71428571428572,NA,1610.19580835617,2748.87979104015,134.659636559688,86.0086580086581,2086.86725521986,792.423698668688,4004.77201712462,1364.10576096729,67.5552818155535,25.0859579831894,179.952693746471,66.823579044657,3.55871886120996,9.43643512450852,1.09135365241447,2.5348698385655,33.5236736829062,2.88572223755912,0.0021668558348898,0.00315683633784011,0.00107528184287765,8.60773886206023,33.5236736829062,2.88572223755912
2020-03-17,893,30,144,775.142857142857,23,125.428571428571,44,2.42857142857143,6.14285714285714,NA,1590.37950537363,2882.00721100134,133.127419961188,150.515151515152,2006.93354019421,781.870388273488,4182.6771299378,1430.16899192548,66.6028581433611,24.732285263889,177.905112813183,66.0632309581838,3.35946248600224,9.74576271186441,1.04094118451483,2.44467195744861,33.0510423869311,2.73269802542553,0.00227179601003568,0.00329707336566959,0.00112735741851395,8.2677783205197,33.0510423869311,2.73269802542553
2020-03-18,928,32,144,816.285714285714,25.4285714285714,129.142857142857,41.1428571428572,2.42857142857143,3.71428571428571,NA,1542.2404569726,3008.31405004619,126.306839044852,172.017316017316,1881.39794776471,757.334147283931,4351.46754483431,1492.84757370713,65.6410147986125,24.3751146462214,168.790414896511,62.6785817816562,3.44827586206897,10.3790087463557,1.0637187297486,2.52860150194283,32.5737366669806,2.58711678907927,0.00237135973488931,0.00343012556263509,0.00117676498122327,7.94193075414274,32.5737366669806,2.58711678907927
2020-03-19,968,33,150,855.142857142857,27.4285714285714,133.714285714286,38.8571428571428,2,4.57142857142858,NA,1403.29459910781,3129.39416620738,121.080116161189,258.025974025974,1603.35746649428,688.239639943941,4513.27321741003,1552.93244338111,64.6704287917833,24.0146975310524,161.805672575716,60.0848696739736,3.40909090909091,10.5901820187534,1.05451720835774,2.52883593811475,32.0920924831406,2.51968618198923,0.00246680339781272,0.00355767190601531,0.0012241280019221,7.8509233507509,32.0920924831406,2.51968618198923
2020-03-20,1022,34,191,896.428571428571,29.2857142857143,144.142857142857,41.2857142857143,1.85714285714286,10.4285714285714,NA,1231.03143738103,3260.01845036804,130.624284160666,301.030303030303,1265.23985274126,602.82763058006,4687.83325933467,1617.75351672399,63.6918090931999,23.6512971872094,174.560041924641,64.8210733428864,3.32681017612524,10.5344295991778,1.04293888263613,2.52293369317068,31.6064616552721,2.94229689229523,0.00256977042941389,0.0036952721192425,0.00127522442361892,9.30840069103914,31.6064616552721,2.94229689229523
2020-03-21,1059,36,232,934.142857142857,31.2857142857143,160.428571428571,37.7142857142857,2,16.2857142857143,NA,1027.69971094634,3381.21919146582,121.200741097779,322.532467532467,1027.69971094634,501.998137977669,4849.80012930276,1677.89824538905,62.7058872013718,23.2851852491283,161.966869968095,60.1447286650632,3.39943342776204,10.4985618408437,1.06470471038564,2.58380139609484,31.1172071826356,3.06396533649386,0.00266530917719642,0.00382294552947787,0.00132263462928544,9.84546270854205,31.1172071826356,3.06396533649386
2020-03-22,1104,40,235,973.857142857143,33.5714285714286,177.142857142857,39.7142857142858,2.28571428571428,16.7142857142857,NA,811.059926922622,3510.89975376245,129.680562296627,344.034632034633,866.4944859513,394.492681244094,5424.47617093299,1742.25100562648,61.7134145726827,22.9166407623961,574.676041630221,64.3527602374238,3.6231884057971,10.0815100815101,1.13930908899162,2.7675678556841,30.6247019683989,3.86495615344731,0.00276753230241279,0.00427594465226113,0.00137336189443041,12.6185266878408,30.6247019683989,3.86495615344731
2020-03-23,1144,41,235,1016.85714285714,35.1428571428571,190.142857142857,43,1.57142857142858,13,NA,713.590293535233,3845.04483898978,334.14508522733,430.04329004329,953.607917217879,354.112476491169,6242.90462051458,1915.40785780159,60.7151722329566,22.5459537529069,818.428449581597,173.156852175109,3.58391608391608,9.62818003913894,1.06630746107949,2.73315075983506,30.1293335892867,5.30282625895648,0.00303092840652203,0.00492108616306712,0.00150985601713077,41.1985691976135,30.1293335892867,5.30282625895648
2020-03-24,1217,42,285,1063.14285714286,36.8571428571429,210.285714285714,46.2857142857142,1.71428571428571,20.1428571428571,NA,781.021664295796,4279.72729200142,434.682453011645,365.536796536796,1043.71997396624,387.574660477613,6955.01301425928,2130.75511160543,59.7119974622127,22.1734351359705,712.108393744697,215.347253803845,3.45110928512736,8.77551020408163,0.981370941052616,2.67617245743268,29.6315175376394,6.48735112025695,0.00337357496847885,0.00548241890416739,0.00167960751188631,60.9148494520802,29.6315175376394,6.48735112025695
2020-03-25,1314,45,310,1118.28571428571,38.7142857142857,234,55.1428571428571,1.85714285714286,23.7142857142857,NA,946.441288352098,4812.54085545166,532.813563450241,365.536796536796,1264.77884288919,469.662594219838,7798.21107732142,2394.87097230792,58.7047572251903,21.7994068500119,843.198063062142,264.115860702482,3.42465753424658,8.30778663396689,0.935056996950454,2.72140609489373,29.1316840365606,7.06151172083139,0.0037935752109899,0.00614708552541045,0.00188780177185923,68.2200747825157,29.1316840365606,7.06151172083139
2020-03-26,1416,47,359,1182.28571428571,40.7142857142857,263.857142857143,64,2,29.8571428571428,NA,1117.69763032145,5286.82750045132,474.286644999659,301.030303030303,1493.63762229702,554.646944370044,8539.89036954976,2630.23126230775,57.6943591320871,21.4242059267283,741.679292228344,235.360289999831,3.31920903954802,8.15917549384483,0.889001958092783,2.69191156561588,28.6302834790808,6.76331742009362,0.00416744051695111,0.00673172807952294,0.00207332891617081,50.112632535872,28.6302834790808,6.76331742009362
2020-03-27,1530,53,372,1254.85714285714,43.4285714285714,289.714285714286,72.5714285714287,2.71428571428572,25.8571428571429,NA,1290.029608252,5741.40190262429,454.57440217297,279.528138528139,1723.93383012551,640.16506875663,9247.23419642588,2856.24133084041,56.6818092030401,21.048205941334,707.343826876111,226.010068532666,3.4640522875817,8.24071564109515,0.923119490655664,2.8758071699887,28.127815093238,6.49406494141367,0.00452576727934741,0.00728930506180336,0.00225148557378098,40.6706062392056,28.127815093238,6.49406494141367
2020-03-28,1728,56,404,1350.42857142857,46.2857142857143,314.285714285714,95.5714285714284,2.85714285714285,24.5714285714286,NA,1729.81237374142,6485.07211400116,743.670211376864,301.030303030303,2311.63847076602,858.403132834086,10348.616492744,3225.71247762463,55.6681499145349,20.6717940067329,1101.38229631817,369.471146784223,3.24074074074074,7.91208791208791,0.863521623438805,2.86286409701701,27.6247961981902,7.40978020395698,0.00511197921266224,0.00815749022690231,0.00254272810568154,57.6475304613004,27.6247961981902,7.40978020395698
2020-03-29,1907,63,424,1465.14285714286,49.5714285714286,341.285714285714,114.714285714286,3.28571428571428,27,NA,2114.80229764384,7217.38238422393,732.310270222772,344.034632034632,2826.12058018997,1049.45076424431,11450.1791882486,3589.61832600586,54.6544390755145,20.2953629293791,1101.56269550453,363.905848381226,3.30361824855794,7.74553571428571,0.87289264509122,3.03093098079172,27.1217517216839,6.63279991589628,0.00568923646019779,0.00902581759502914,0.00282958368717534,42.3346648075395,27.1217517216839,6.63279991589628
2020-03-30,2001,65,424,1587.57142857143,53,368.285714285714,122.428571428572,3.42857142857143,27,NA,2334.7753413677,7677.30780890017,459.925424676244,236.523809523811,3073.11163194378,1157.67476660782,12101.9577857899,3817.85199539407,53.6417662462974,19.9193173062728,651.778597541357,228.233669388211,3.24837581209395,7.61494252873563,0.846650956532531,2.9381299622616,26.6192223477867,5.79018820778207,0.00605178126602096,0.00953959424751942,0.00300949313968909,21.7479158779362,26.6192223477867,5.79018820778207
2020-03-31,2255,67,424,1735.85714285714,56.5714285714286,388.142857142857,148.285714285714,3.57142857142857,19.8571428571429,NA,2873.93585294844,8478.06572307831,800.757914178138,258.025974025973,3793.61993643243,1425.22810318172,13263.8836726962,4216.15613755336,52.6313025564144,19.5440920243007,1161.92588690624,398.304142159293,2.97117516629712,7.7177938023777,0.790274600226535,2.86278935364641,26.1177892385214,6.35246515817109,0.00668299364727046,0.0104555040286451,0.00332346381869505,34.297000657419,26.1177892385214,6.35246515817109
2020-04-01,2535,72,472,1910.28571428571,60.4285714285714,411.285714285714,174.428571428571,3.85714285714286,23.1428571428571,NA,3439.55648710173,9327.07163861688,849.005915538573,279.52813852814,4549.48828239634,1705.91202689689,14497.9424948506,4638.47486255747,51.6242430716674,19.1701308588375,1234.05882215438,422.318725004103,2.84023668639053,7.6010781671159,0.771946467119415,2.90698842296937,25.6180454340605,6.07055138499969,0.00735223841669874,0.0114282739431747,0.0036563644411381,29.5415750030592,25.6180454340605,6.07055138499969
2020-04-02,2818,75,472,2110.57142857143,64.4285714285714,427.428571428571,200.285714285714,4,16.1428571428572,NA,4021.63272876229,10214.1781833077,887.106544690856,301.030303030303,5327.34711469914,1994.76189117957,15790.6218399739,5079.70066668977,50.6218021812301,18.7978847607929,1292.67934512331,441.225804132304,2.66146202980837,7.80006918021446,0.734273464335749,2.86892440452878,25.1205935636179,5.82418039048172,0.00805151671864477,0.012447252579764,0.00400416892182303,25.7913061761738,25.1205935636179,5.82418039048172
2020-04-03,3154,81,514,2342.57142857143,68.4285714285714,447.714285714286,232,4,20.2857142857143,NA,4745.60401138173,11350.6905914683,1136.51240816057,408.541125541125,6294.82768891493,2354.02583593809,17455.3588244461,5644.33195838707,49.6252562406675,18.4278276916577,1664.7369844722,564.631291697297,2.56816740646798,8.11726825961701,0.713612967839008,2.94665486151908,24.626067006647,5.76995758086053,0.00894739385051293,0.0137595125993248,0.00444925008287035,28.2599751099188,24.626067006647,5.76995758086053
2020-04-04,3525,87,514,2599.28571428571,72.8571428571429,463.428571428571,256.714285714286,4.42857142857143,15.7142857142857,NA,5374.78735166152,12414.34579322,1063.65520175166,430.04329004329,7107.08953561652,2665.46053326275,19001.7928323198,6172.16085549691,48.6358907441292,18.0604370064417,1546.43400787375,527.828897109844,2.46808510638298,8.15869460886258,0.700802132058498,3.01872943509299,24.1351036775378,5.41059696829463,0.00978583992870769,0.0149785180880898,0.00486532106904218,22.413484125532,24.1351036775378,5.41059696829463
2020-04-05,3876,93,514,2880.57142857143,77.1428571428571,476.285714285714,281.285714285714,4.28571428571428,12.8571428571428,NA,6065.40428381292,13603.7982232069,1189.45242998689,494.549783549784,7947.63651261421,3007.66893568375,20685.8306518083,6762.41544481372,47.6549813210756,17.6961863970042,1684.03781948853,590.254589316804,2.39938080495356,8.3128078817734,0.683632603733789,3.09143255833187,23.648336595421,5.23454976773027,0.0107234480215176,0.0163059923513253,0.00533060027299298,22.130223061182,23.648336595421,5.23454976773027
2020-04-06,4110,96,575,3181.85714285714,81.5714285714286,497.857142857143,301.285714285714,4.42857142857143,21.5714285714286,NA,6845.4526591526,14904.3271180271,1300.5288948202,516.051948051948,8805.48020771287,3394.25685126585,22423.7952260279,7407.79068585231,46.6838042625957,17.3355498008934,1737.96457421954,645.375241038598,2.33576642335766,8.42680047225502,0.644108246147431,3.06768642431342,23.1663991077543,4.96840964795619,0.0117486142122581,0.0176759753861434,0.00583932936012733,21.4417511836927,23.1663991077543,4.96840964795619
2020-04-07,4485,98,592,3500.42857142857,86,521.857142857143,318.571428571429,4.42857142857143,24.0000000000001,NA,7707.49041466332,16308.3475575205,1404.0204394934,537.554112554112,9765.13787071881,3821.60319180929,24300.0609476419,8104.52263327009,45.7236717437913,16.9790144808161,1876.26572161399,696.731947417777,2.1850613154961,8.41487279843444,0.600919251042133,3.00611795583354,22.6899423690994,4.6548712998298,0.0128553595459526,0.019154976883384,0.00638854133023137,20.5102643959735,22.6899423690994,4.6548712998298
2020-04-08,5020,105,622,3855.42857142857,90.7142857142857,543.285714285714,355,4.71428571428571,21.4285714285714,NA,8719.90535088837,17906.0352210182,1597.68766349778,580.558441558444,11059.1759188069,4323.57279496287,26583.9671275981,8897.36012041937,44.7758848129694,16.6270635676583,2283.90617995622,792.837487149276,2.09163346613546,8.56603264535276,0.586394468144183,3.1053887386248,22.219612012451,4.60703740469171,0.0141147666860049,0.0209553085852321,0.00701351028694908,20.7290256301612,22.219612012451,4.60703740469171
2020-04-09,5614,113,632,4254.85714285714,96.1428571428571,566.142857142857,399.428571428572,5.42857142857143,22.8571428571428,NA,9948.35911303179,19741.9781606508,1835.9429396326,602.060606060606,12651.1406617373,4932.46177252491,29203.0014675981,9808.42954910923,43.8417269694757,16.2801736756802,2619.03434000003,911.069428689862,2.01282508015675,8.70859213250518,0.572384383573215,3.21854817640133,21.7560449622962,4.58180036834014,0.0155619829972581,0.0230198113182739,0.00773167777975143,21.0546200417824,21.7560449622962,4.58180036834014
2020-04-10,6250,125,685,4697.14285714286,102.428571428571,590.571428571429,442.285714285714,6.28571428571429,24.4285714285714,NA,11416.4829676366,21818.448335602,2076.47017495113,602.060606060606,14398.1092877359,5659.85298716231,31977.8968335234,10838.8583577316,42.9224911594844,15.9388249271242,2774.89536592528,1030.42880862236,2,8.95354645354645,0.572909668356356,3.25093738133992,21.2998828310223,4.44694215512833,0.0171987993939711,0.0252071744159482,0.0085439325330075,20.8724891347264,21.2998828310223,4.44694215512833
2020-04-11,6951,138,762,5186.57142857143,109.714285714286,626,489.428571428572,7.28571428571428,35.4285714285714,NA,13089.8120895593,24165.6302713775,2347.18193577553,666.567099567099,16396.382616693,6488.78752457186,35114.5584408689,12003.6253333796,42.0194409406467,15.6034865311077,3136.66160734544,1164.76697564801,1.98532585239534,9.01514262237352,0.571058972806728,3.22450452060145,20.8517526472382,4.28812085053099,0.0190490093921168,0.0276797065099688,0.0094620818553956,20.55958864415,20.8517526472382,4.28812085053099
2020-04-12,7473,147,762,5700.42857142857,117.428571428571,661.428571428571,513.857142857143,7.71428571428572,35.4285714285714,NA,14954.4275603736,26683.024962971,2517.3946915935,645.064935064935,18658.1787345279,7412.3582523014,38478.6842290334,13252.8587893583,41.1337961209625,15.2746114507655,3364.12578816458,1249.23345597873,1.96708149337615,8.93672537508154,0.550912050653917,3.05451952337148,20.4122597291994,3.9266173172982,0.0210333927740238,0.0303315414927671,0.0104468134584472,19.2317099311259,20.4122597291994,3.9266173172982
2020-04-13,7773,156,784,6223.71428571429,126,691.285714285714,523.285714285714,8.57142857142857,29.8571428571429,NA,16898.0757411692,29301.8116719052,2618.78670893416,666.567099567099,21018.1259695651,8374.78839142877,41978.3054567446,14552.4070810099,40.2667386542976,14.95263859249,3499.62122771119,1299.54829165154,2.00694712466229,8.89830508474576,0.532390289538221,2.9507299034569,19.9819906104033,3.50007576267153,0.0230977003072531,0.033090183286376,0.0114712066704256,17.5117817005142,19.9819906104033,3.50007576267153
2020-04-14,8277,170,799,6765.42857142857,136.285714285714,720.857142857143,541.714285714286,10.2857142857143,29.5714285714286,NA,18990.5076261184,32071.0963707071,2769.28469880195,666.567099567101,23577.4772300022,9410.18745785895,45679.04499557,15926.6385856785,39.4194343437723,14.6380008652602,3700.73953882539,1374.23150466864,2.05388425758125,8.90756302521008,0.530072305714106,2.96094930965024,19.5615238096915,3.20656464744048,0.0252806406917795,0.0360073603449177,0.0125544703198898,16.3881659735674,19.5615238096915,3.20656464744048
2020-04-15,8835,186,853,7310.42857142857,147.857142857143,753.857142857143,545,11.5714285714286,33,NA,21115.1077108691,34916.8393126007,2845.74294189355,709.571428571428,26164.7435541021,10461.0459317095,49481.9596713182,17338.8117748888,38.5930000770483,14.3311130138038,3802.91467574817,1412.17318921034,2.10526315789474,8.55654761904762,0.532694263460659,2.86812539213603,19.1514135720691,2.87055003142223,0.0275238507143994,0.0390050788634182,0.013667642210814,14.9850809568655,19.1514135720691,2.87055003142223
2020-04-16,9398,204,901,7851,160.857142857143,792.285714285714,540.571428571428,13,38.4285714285714,NA,23167.7370174302,37799.5508702441,2882.71155764344,817.082251082251,28617.5484981785,11475.8297551587,53334.2774359075,18769.3302922157,37.788495711442,14.0323686052171,3852.31776458928,1430.51851732682,2.17067461161949,8.43508877069443,0.53968895212612,2.82650951743824,18.7521858417682,2.56072674751883,0.0297962019388304,0.0420417402893773,0.0147952751492535,13.6523649186007,18.7521858417682,2.56072674751883
2020-04-17,9958,217,935,8380.71428571429,174,828,529.714285714286,13.1428571428571,35.7142857142857,NA,25092.9707943052,40684.0227423571,2884.47187211301,946.09523809524,30853.6399082009,12427.7545724694,57188.9476005086,20200.7223490537,37.0069320409974,13.7421429874558,3854.67016460114,1431.39205683803,2.17915244024905,8.69565217391304,0.533378917257551,2.82651165488553,18.3643422158333,2.28696807708485,0.0320699407640188,0.0450802560385804,0.0159235966715274,12.4503824863986,18.3643422158333,2.28696807708485
2020-04-18,10548,236,1069,8894.57142857143,188,871.857142857143,513.857142857143,14,43.8571428571429,NA,26838.9707724517,43540.6331101141,2856.61036775698,1096.61038961039,32796.2311379327,13290.8082673176,61006.3849840865,21618.2883962113,36.2492558203897,13.4607877281154,3817.43738357789,1417.5660471576,2.23739097459234,8.3370288248337,0.542022435464264,2.78365381572332,17.9883525123738,2.04828910090567,0.0343217172380416,0.0480894223527618,0.0170410195834485,11.3841058963225,17.9883525123738,2.04828910090567
2020-04-19,10914,255,1159,9386.14285714286,203.428571428571,928.571428571429,491.571428571428,15.4285714285714,56.7142857142857,NA,28451.5381488184,46329.7459410262,2789.11283091214,1161.11688311688,34537.7317798375,14087.1435281999,64733.6218897276,23002.359425085,35.5163440543546,13.1886284938702,3727.23690564109,1384.0710288737,2.33644859813084,8.02479571710341,0.550402327534006,2.73397707104793,17.6246519367474,1.83198096702009,0.036520287518025,0.0510274864555755,0.0181320394216357,10.3920260376563,17.6246519367474,1.83198096702009
2020-04-20,11258,275,1159,9884,220.428571428571,982.142857142857,497.857142857143,17,53.5714285714286,NA,30026.5867044423,49211.9243667799,2882.17842575369,1290.12987012987,36183.1063232532,14864.5005987673,68585.2272023741,24432.6133807222,34.8090030371809,12.9259646937982,3851.60531264649,1430.25395563717,2.44270740806538,7.82216364189395,0.558807653914132,2.69233603589775,17.2736406049169,1.75024331740868,0.038792218491287,0.0540635862779845,0.0192594638143823,10.1301321941829,17.2736406049169,1.75024331740868
2020-04-21,11641,303,1239,10364.5714285714,239.428571428571,1045,480.571428571429,19,62.8571428571429,NA,31297.0572601327,52049.5507666263,2837.62639984634,1548.15584415584,37329.0975175747,15490.5697681862,72377.2953197725,25840.7588122248,34.1279684484429,12.6730695149308,3792.06811739842,1408.14543150269,2.60286916931535,7.59126732493885,0.582137589157217,2.66944110191629,16.9356835909566,1.60084981350069,0.0410290304980491,0.0570527547942895,0.0203694607500687,9.45037951791747,16.9356835909566,1.60084981350069
2020-04-22,12037,323,1356,10822,259,1116.85714285714,457.428571428571,19.5714285714286,71.8571428571429,NA,32289.5613313275,54803.3015910678,2753.7508244415,1741.67532467533,38034.0453630932,15979.0605102828,76057.276132324,27207.2817777372,33.4739029619657,12.4301890343665,3679.98081255151,1366.52296551232,2.68339287197807,7.34751773049645,0.589380549387639,2.60182860522868,16.6111097405243,1.46190143509665,0.0431997260159916,0.0599535683991443,0.0214466479995741,8.79875319124435,16.6111097405243,1.46190143509665
2020-04-23,12469,351,1494,11260.7142857143,280,1201.57142857143,438.714285714286,21,84.7142857142858,NA,33003.328175989,57494.7654054262,2691.46381435843,1956.69696969697,38289.4554629732,16329.2305234231,79654.0195655373,28542.8953999,32.8473952671921,12.1975418558654,3596.74343321333,1335.61362216283,2.81498115326009,7.22394220846233,0.610490359469966,2.58016176247914,16.3002111852232,1.35899532428617,0.0453213226349295,0.0627887685851484,0.0224994703819041,8.33539913020484,16.3002111852232,1.35899532428617
2020-04-24,12854,360,1530,11674.4285714286,300.428571428571,1286.57142857143,413.714285714284,20.4285714285714,85,NA,33589.8908665068,60079.9558015717,2585.19039614556,1978.19913419913,38366.9311018798,16616.6364987392,83108.7442886929,29825.771837085,32.2489581788631,11.9753184078989,3454.72472315561,1282.87643718502,2.80068461179399,7.3096976016684,0.599201506054673,2.41540592305287,16.0032424045486,1.25383806947979,0.0473591472471397,0.0655120198705294,0.0235107216932265,7.83312029126316,16.0032424045486,1.25383806947979
2020-04-25,13186,379,1656,12051.2857142857,320.857142857143,1370.42857142857,376.857142857143,20.4285714285714,83.8571428571427,NA,33859.4964849177,62477.2021126233,2397.24631105154,2107.21212121212,37974.3241831869,16747.1872997121,86312.3095311723,31015.3827884339,31.6790243423558,11.7636793488708,3203.56524247932,1189.61095134888,2.8742605794024,7.15400541487498,0.606621274936101,2.32396322596907,15.7204180947029,1.12219156420776,0.0492488214241268,0.0680372900044736,0.0244484547434607,7.13680887079595,15.7204180947029,1.12219156420776
2020-04-26,13405,395,1809,12407.1428571429,340.857142857143,1463.28571428571,355.857142857143,20,92.8571428571429,NA,33820.2595273885,64780.1989213279,2302.99680870464,2322.23376623376,37091.3235167149,16725.4134281993,89389.9242493156,32158.2233100467,31.1379528575818,11.5627580268341,3077.61471814332,1142.84052161283,2.94666169339799,6.78998292544109,0.609754225175669,2.20596014206621,15.4519164556421,1.05122230757537,0.0510642016706329,0.0704632772852881,0.0253493201289449,6.80162745400092,15.4519164556421,1.05122230757537
2020-04-27,13576,417,1899,12738.2857142857,361.142857142857,1569,331.142857142857,20.2857142857143,105.714285714286,NA,33420.0917397444,66959.0744237271,2178.87550239918,2558.75757575758,35640.8083880591,16525.1787151041,92301.6691939199,33239.4697999591,30.6260284063159,11.3726601554332,2911.74494460432,1081.24648991238,3.071596935769,6.43289734846557,0.622768465049504,2.11225033584098,15.1978787580214,0.97935197145017,0.0527817409792855,0.0727585146192347,0.026201632868577,6.4425156188842,15.1978787580214,0.97935197145017
2020-04-28,13860,436,1899,13055.2857142857,380.142857142857,1663.28571428571,317,19,94.2857142857142,NA,32660.5136806719,69078.2842434425,2119.2098197154,2859.78787878788,33601.0240980151,16148.2452421809,95133.6797756707,34291.1077556073,30.1434536759943,11.1934610005596,2832.01058175083,1051.63795564824,3.14574314574315,6.08228571428571,0.631167963673604,1.99830892322697,14.9584055835761,0.948753910554379,0.0544522476992132,0.074990899852499,0.02703060612809,6.34112508193733,14.9584055835761,0.948753910554379
2020-04-29,14076,454,2368,13346.5714285714,398.857142857143,1807.85714285714,291.285714285716,18.7142857142857,144.571428571429,NA,31673.0243029552,71055.3056882366,1977.02144479413,2945.79653679654,31673.0243029552,15658.6447131744,97775.6766180397,35272.1860665578,29.690363249751,11.0252105382736,2641.99684236893,981.07831095047,3.2253481102586,5.73812606613642,0.638938916105685,1.87870125836416,14.7335637179215,0.89207318507245,0.0560106717770203,0.0770735032068935,0.027803959429859,6.05324663330112,14.7335637179215,0.89207318507245
2020-04-30,14284,481,2460,13605.8571428571,417.428571428571,1945.85714285714,259.285714285714,18.5714285714286,138,NA,30278.9323332176,72840.6033288886,1785.29764065197,3160.81818181818,30278.9323332176,14968.0630912422,100161.462944087,36158.1232416182,29.2668285725842,10.8679352989394,2385.78632604684,885.937175060368,3.36740408849062,5.58582324941217,0.660345985642372,1.80264419295601,14.5233886149666,0.818834609201992,0.0574179659854724,0.0789541438366675,0.028502315954354,5.63665036712455,14.5233886149666,0.818834609201992
2020-05-01,14558,510,2975,13849.2857142857,438.857142857143,2152.28571428571,243.428571428571,21.4285714285714,206.428571428571,NA,28881.6791031638,74539.5881940729,1698.98486518435,3074.80952380953,28881.6791031638,14274.1855485088,102431.905007762,37001.2285130631,28.8728560564443,10.7216376635687,2270.44206367579,843.105271444874,3.50322846544855,5.64591718586315,0.6842001845679,1.74050671579803,14.3278834565814,0.804159619423068,0.0587572225366369,0.0807438621973942,0.0291669094308717,5.61111219671531,14.3278834565814,0.804159619423068
2020-05-02,14861,536,3205,14088.5714285714,461.285714285714,2373.57142857143,239.285714285716,22.4285714285714,221.285714285714,NA,27475.8628142559,76231.0100004031,1691.42180633015,3074.80952380951,27475.8628142559,13575.5549089004,104692.240161539,37840.5806876329,28.5083808126602,10.586293536422,2260.33515377651,839.352174569845,3.60675593836216,5.57310274599147,0.703125932605597,1.67128679919271,14.1470160423727,0.828723754395415,0.0600905173654077,0.0825256135976306,0.0298285444586828,5.85638321196106,14.1470160423727,0.828723754395415
2020-05-03,15061,560,3981,14325.1428571429,484.857142857143,2683.85714285714,236.571428571428,23.5714285714286,310.285714285714,NA,26134.1138170008,77923.1354620225,1692.12546161938,3010.30303030303,26134.1138170008,12907.9254387265,106953.515646568,38680.2820445267,28.1732816827327,10.4618579265386,2261.27548502946,839.701356893835,3.71821260208485,5.48791333171639,0.718656913225634,1.60381068568801,13.9807262485741,0.861252790926519,0.061424366863602,0.0843081062315392,0.0304904547359822,6.15858898793676,13.9807262485741,0.861252790926519
2020-05-04,15229,582,4156,14561.2857142857,508.428571428571,3006.28571428571,236.142857142857,23.5714285714286,322.428571428572,NA,24764.8356822385,79630.7361151389,1707.60065311642,3053.30735930737,24764.8356822385,12226.7788240539,110192.818212892,39527.6628197574,27.8673843029502,10.3482660857504,3239.302566324,847.380775230697,3.82165605095541,5.40996564618612,0.73087356515012,1.53970083400687,13.8289275488325,0.903838148711449,0.0627704149705172,0.0868615469784541,0.0311584184582108,6.53399103208001,13.8289275488325,0.903838148711449
2020-05-05,15354,593,4496,14774.7142857143,530.857142857143,3377.28571428571,213.428571428572,22.4285714285714,371,NA,23441.4585823299,81189.5754654468,1558.8393503079,2859.78787878788,23441.4585823299,11568.3382008984,114074.054227902,40301.2221966019,27.5904575417577,10.2454321857355,3881.23601500997,773.559376844518,3.86218574964179,5.3309614667317,0.73038933459182,1.45757464485589,13.6915052462858,0.86207442595309,0.063999199202145,0.0899210037554004,0.0317681910844321,6.29456771007736,13.6915052462858,0.86207442595309
2020-05-06,15455,605,4496,14971.7142857143,552.428571428571,3681.28571428571,197,21.5714285714286,304,NA,22055.0148396074,82641.4867010793,1451.91123563246,2816.78354978354,22055.0148396074,10878.8892114915,118160.978093905,41021.7195015023,27.3422258015601,10.1532538861661,4086.92386600294,720.497304900324,3.91459074733096,5.23728262636113,0.732077826949475,1.38950666718593,13.5683225782178,0.840646280996485,0.0651436953503312,0.0931425978224324,0.0323361365414268,6.19377514642757,13.5683225782178,0.840646280996485
2020-05-07,15553,617,4918,15153,571.857142857143,4032.42857142857,181.285714285714,19.4285714285714,351.142857142857,NA,20587.2304378832,83988.412256065,1346.92555498573,2795.28138528139,20587.2304378832,10150.0832033319,122222.250802652,41690.1186490892,27.1223736505654,10.0716140546956,4061.27270874688,668.399147586897,3.96708030605028,5.23966595984188,0.734625150573013,1.33175778858228,13.4592230145663,0.822228720542013,0.0662054345749768,0.0963439718856819,0.0328630146529051,6.10711697444367,13.4592230145663,0.822228720542013
2020-05-08,15640,634,5146,15307.5714285714,589.571428571429,4342.57142857143,154.571428571429,17.7142857142857,310.142857142857,NA,18500.8143246638,85145.0351038846,1156.62284781961,3225.32467532467,18500.8143246638,9116.58992265809,126441.484859772,42264.0818668042,26.9305460351262,10.0003808458095,4219.23405711986,573.963217715005,4.0537084398977,5.23691089510951,0.744611825253772,1.28830564575113,13.3640303632957,0.751057986488185,0.0671171641364999,0.0996698619319602,0.0333154518789241,5.61815661076625,13.3640303632957,0.751057986488185
2020-05-09,15755,654,5906,15435.2857142857,606.428571428571,4728.42857142857,127.714285714284,16.8571428571429,385.857142857143,NA,16069.6368087236,86106.5545576414,961.519453756759,3375.83982683983,16069.6368087236,7912.94758929141,130883.194989359,42741.226858894,26.7663473014602,9.93940733755172,4441.71012958715,477.144992089809,4.15106315455411,5.2094199074699,0.759524061042531,1.25649499441855,13.2825482849351,0.690561969315421,0.0678750998037939,0.103171122897447,0.0336915703303632,5.1971736858898,13.2825482849351,0.690561969315421
2020-05-10,15824,666,8127,15544.2857142857,621.571428571429,5320.71428571429,109,15.1428571428571,592.285714285714,NA,13331.4842302952,86931.4019792129,824.847421571554,3547.85714285713,13331.4842302952,6558.41107883606,136005.512647132,43150.5496395235,26.6293510056709,9.88853517437421,5122.31765777248,409.322780629504,4.20879676440849,5.16384006456284,0.766121315010259,1.21525525044015,13.2145651607089,0.678568028870405,0.0685253011891553,0.10720888545843,0.0340142266569335,5.13295621668173,13.2145651607089,0.678568028870405
2020-05-11,15861,685,8293,15634.5714285714,636.285714285714,5911.71428571429,90.2857142857156,14.7142857142858,591,NA,10454.9819974734,87617.4711749625,686.069195749631,3547.85714285716,10619.1711424291,5135.43574955175,141113.328651587,43491.0050298955,26.5191026016852,9.84759556527525,5107.81600445509,340.455390371986,4.31876930836643,5.10294100798552,0.781807544561666,1.19141280979181,13.1598554264002,0.677554352849993,0.0690661080461134,0.111235216820344,0.0342825969769277,5.14623266170598,13.1598554264002,0.677554352849993
2020-05-12,15948,707,8531,15719.4285714286,652.571428571429,6488.14285714286,84.8571428571413,16.2857142857142,576.428571428572,NA,7709.72319540814,88264.3379140229,646.866739060337,3375.83982683983,10357.2297076033,3776.22139235077,146596.160110534,43812.0065695796,26.4351201993159,9.816409565298,5482.8314589471,321.00153968409,4.43315776272887,5.07679655026784,0.801003006093672,1.17676517994626,13.1181799485327,0.812118132203609,0.0695760128344194,0.115557161118258,0.0345356324357864,6.18716262942073,13.1181799485327,0.812118132203609
2020-05-13,15998,726,8920,15797,669.857142857143,7120.14285714286,77.5714285714294,17.2857142857143,632,NA,5616.32321272101,89435.0504854483,1170.71257142542,3246.82683982684,9994.85160144168,2798.70604111395,151760.631821222,44452.1174267208,26.3769028629324,9.79479115715641,5164.47171068817,640.11085714127,4.5380672584073,5.08006327056835,0.811762274476633,1.16202386702799,13.0892901425078,1.00693182658271,0.0704988488837223,0.119628152398744,0.0350402117739931,15.1848846158665,13.0892901425078,1.00693182658271
2020-05-14,16096,742,9868,15874.5714285714,687.714285714286,7827.28571428571,77.5714285714294,17.8571428571428,707.142857142858,NA,5620.0316039524,92380.9103918312,2945.8599063829,2924.29437229436,9999.80731800682,2800.54629540924,156745.701090901,45913.1810966982,26.343933506655,9.78254832633579,4985.0692696787,1461.06366997735,4.60984095427435,5.13028187776416,0.803196241358552,1.14541173438062,13.0729294093175,1.38097406715446,0.0728209779734409,0.123557726354484,0.0361919224994876,52.4517517031518,13.0729294093175,1.38097406715446
2020-05-15,16148,760,10338,15947.1428571429,705.714285714286,8569,72.5714285714275,18,741.714285714285,NA,5429.66658250941,94874.8137686566,2493.9033768254,2666.2683982684,9745.41261385515,2706.07944266309,161033.716643159,47150.901139763,26.3356802166967,9.77948355213083,4288.01555225858,1237.72004306479,4.70646519692841,5.1982490108595,0.801055590847524,1.13502166291996,13.0688337917443,1.29110118803812,0.0747868438877451,0.126937834698907,0.0371675784397788,44.3752553823988,13.0688337917443,1.29110118803812
2020-05-16,16202,778,10338,16011,723.428571428571,9202.14285714286,63.8571428571431,17.7142857142858,633.142857142857,NA,5094.79125339542,97094.9081365123,2220.09436785571,2537.25541125542,9297.9012505181,2539.90070791479,164909.406745024,48253.033898033,26.3515984828003,9.78539463626676,3875.69010186443,1102.13275826997,4.80187631156647,5.21954236239951,0.801277857852398,1.12625843059189,13.0767330816904,1.17589530840957,0.0765368747369201,0.129992919806238,0.0380363551705274,40.8882264521969,13.0767330816904,1.17589530840957
2020-05-17,16226,787,11153,16068.4285714286,740.714285714286,9634.42857142857,57.4285714285706,17.2857142857142,432.285714285714,NA,4845.69988397398,99142.331918606,2047.42378209371,2279.22943722943,8965.02746545844,2416.29145692371,168461.459699891,49270.1281916176,26.3911339055717,9.80007570823977,3552.05295486705,1017.09429358463,4.85024035498583,5.26224982746722,0.793808239901107,1.10758794487924,13.0963521636671,1.12702736112506,0.0781507947719767,0.132792891888021,0.0388380987432621,40.1866078561944,13.0963521636671,1.12702736112506
2020-05-18,16259,796,11564,16125.2857142857,756.571428571429,10101.7142857143,56.8571428571431,15.8571428571429,467.285714285716,NA,4818.74759659394,101345.959717806,2203.62779920005,2214.72294372295,8929.00971848852,2402.91663762233,172199.478582957,50364.2335012099,26.4537237522937,9.82331780305229,3738.01888306672,1094.10530959229,4.8957500461283,5.29663559627155,0.785428449458105,1.09279709890089,13.1274117868525,1.17317245174414,0.0798878455408702,0.135739455085911,0.0397005476876654,45.4759446924899,13.1274117868525,1.17317245174414
2020-05-19,16287,805,11564,16173.7142857143,770.571428571429,10535,48.4285714285725,14,433.285714285714,NA,4491.80503087102,103484.26390533,2138.30418752383,2451.24675324674,8492.09932050045,2240.67446215081,175936.106646508,51424.195407371,26.5387994456973,9.85490978539261,3736.62806355039,1059.96190616113,4.94259225148892,5.29311326124075,0.777896048752335,1.0799630364258,13.1696298001205,1.00484639136877,0.0815734037528399,0.138684921944341,0.0405360824566329,44.3746875025215,13.1696298001205,1.00484639136877
2020-05-20,16321,818,11564,16219.8571428571,783.714285714286,10912.7142857143,46.1428571428569,13.1428571428571,377.714285714286,NA,4397.99117524012,106005.354811604,2521.09090627388,2601.76190476192,8366.73097358647,2194.12021800315,180238.829874685,52673.1760719237,26.6457878509022,9.89463882752711,4302.72322817761,1248.98066455266,5.01194779731634,5.27363088428966,0.771659131233301,1.07305412849138,13.2227217906733,1.02711259376561,0.0835607007450012,0.142076623888996,0.0415206147921216,56.1264544864942,13.2227217906733,1.02711259376561
2020-05-21,16362,826,12672,16257.8571428571,795.714285714286,11313.2857142857,38,12,400.571428571428,NA,4083.19270158713,108390.326900721,2384.97208911755,2687.77056277054,7946.04935904773,2037.90443408513,184391.045696044,53853.7454652344,26.7741120351374,9.94229069141453,4152.21582135867,1180.56939331076,5.04828260603838,5.28327658000322,0.762060622583566,1.06001894700781,13.2864014610456,0.863900855426124,0.0854406995373086,0.145349685559266,0.0424512206653671,54.2286692739291,13.2864014610456,0.863900855426124
2020-05-22,16385,836,13005,16291.7142857143,806.571428571429,11694.2857142857,33.8571428571431,10.8571428571429,381,NA,3920.23159293787,110947.495662202,2557.16876148061,2709.27272727274,7728.27593245491,1957.03651550729,188781.514027693,55119.1181481604,26.9231931359758,9.9976504224557,4390.46833164894,1265.37268292592,5.10222764723833,5.29628622083806,0.753509572262307,1.04984587708849,13.3603815561985,0.829064994149423,0.0874564355726467,0.148810554220508,0.0434486743154849,62.6266979877449,13.3603815561985,0.829064994149423
2020-05-23,16410,845,13244,16321.4285714286,816.142857142857,12109.4285714286,29.7142857142844,9.57142857142856,415.142857142857,NA,3758.24147954051,113461.345375644,2513.84971344247,2666.26839826841,7511.80009744674,1876.65044419732,193099.019877667,56362.4904012328,27.0924553512922,10.0605042024631,4317.50584997356,1243.37225307241,5.14929920780012,5.31550642922272,0.744747030102983,1.04077400966288,13.444376339739,0.757868232630924,0.0894380245593181,0.152213908842881,0.0444287857158785,64.1250307244874,13.444376339739,0.757868232630924
2020-05-24,16451,852,13413,16353.5714285714,825.428571428571,12432.2857142857,32.1428571428587,9.28571428571433,322.857142857143,NA,3840.28488427382,116154.436399425,2693.09102378091,2601.76190476189,7621.43897709236,1917.36371271159,197632.893189547,57694.8814355902,27.2813253328235,10.1306391244654,4533.87331188002,1332.39103435745,5.17901647316273,5.34085131949901,0.733506206401097,1.03095918770405,13.5381012929801,0.855150023901676,0.0915609038564739,0.155787819158101,0.0454790678331841,71.6582752450005,13.5381012929801,0.855150023901676
2020-05-25,16472,857,13612,16384,834.142857142857,12724.8571428571,30.4285714285706,8.71428571428567,292.571428571429,NA,3768.47181676299,118478.077877369,2323.64147794372,2386.74025974025,7525.47143050656,1881.72715289419,201595.716851752,58844.3683988663,27.4892337835192,10.2078437858676,3962.82366220542,1149.48696327605,5.20276833414279,5.36322804052502,0.723340566756189,1.02037885582021,13.641273907611,0.792244117250281,0.0933925576490791,0.158911588921726,0.046385172400442,60.5070078904605,13.641273907611,0.792244117250281
2020-05-26,16502,863,13810,16414.7142857143,842.428571428571,13045.7142857143,30.7142857142862,8.28571428571433,320.857142857143,NA,3769.74850856353,120594.852404667,2116.77452729837,2107.21212121213,7527.17754032876,1882.36069920121,205181.452265603,59891.9192384064,27.7156227458872,10.2919109949029,3585.73541385151,1047.55083954011,5.22966913101442,5.38637194008038,0.715619267980131,1.01356467696215,13.7536173024704,0.814924183641285,0.0950611447042762,0.161738111830876,0.0472109239143496,56.1706344169139,13.7536173024704,0.814924183641285
2020-05-27,16528,870,13973,16444.2857142857,849.857142857143,13389.8571428571,29.5714285714275,7.42857142857144,344.142857142857,NA,3718.80705384293,122529.538655575,1934.68625090711,1978.19913419912,7459.10181820049,1857.0814810692,208477.625627724,60849.1104821433,27.9599426439516,10.3826366721939,3296.17336212078,957.191243736939,5.26379477250726,5.39420592102281,0.71003287007024,1.01037604450612,13.8748587556452,0.784335712308838,0.0965861972748263,0.164336382044728,0.0479654477892594,51.3213612662009,13.8748587556452,0.784335712308838
2020-05-28,16598,881,14096,16478,857.714285714286,13593.2857142857,33.7142857142862,7.85714285714278,203.428571428571,NA,3856.83418483293,124481.604747604,1952.06609202897,1806.18181818182,7643.55467034178,1925.57614757551,211734.858699646,61815.7179306045,28.2216509512281,10.4798193561195,3257.23307192151,966.607448461196,5.30786841788167,5.4203380037556,0.707735092093566,1.0134427605466,14.0047290434666,0.906469959694375,0.0981249498297363,0.16690395684756,0.0487273941634053,52.4917282280549,14.0047290434666,0.906469959694375
2020-05-29,16673,887,14213,16519.1428571429,865,13765.8571428571,41.1428571428587,7.28571428571433,172.571428571429,NA,4107.69365654471,126373.914435766,1892.309688162,1634.16450216451,7978.7912626843,2050.06280271068,214850.4066473,62752.9596877805,28.5002143210373,10.5832609938847,3115.54794765389,937.241757175987,5.31997840820488,5.4536283966963,0.701885356610404,1.01235517084116,14.1429634976576,1.06660700476948,0.0996165982832545,0.169359845704998,0.0494661924829457,49.0638071920111,14.1429634976576,1.06660700476948
2020-05-30,16716,894,14267,16562.8571428571,872,13912,43.7142857142826,7,146.142857142857,NA,4182.77462107716,127896.640421943,1522.72598617747,1440.64502164502,8079.12587045453,2087.32102571175,217402.382280711,63507.3027657762,28.7951155664316,10.6927695334442,2551.97563341126,754.343077995698,5.34816941852118,5.4677702533233,0.699001941763764,1.01286660176484,14.2893054690563,1.0640518221733,0.100816915481133,0.171371488160146,0.0500608175027052,37.0700961049356,14.2893054690563,1.0640518221733
2020-05-31,16751,898,14342,16605.7142857143,878.571428571429,14044.7142857143,42.8571428571449,6.57142857142856,132.714285714286,NA,4136.77219910389,129254.850121182,1358.20969923887,1397.64069264071,8017.65043531713,2064.4927561611,219719.144940812,64179.9342169559,29.1058493461347,10.8081573215208,2316.76266010071,672.631451179746,5.36087397767297,5.49175789830872,0.694751492232661,1.00408060947661,14.4435041868037,1.02446151419795,0.101887549643235,0.173197719596114,0.0505910318065354,32.4715009122127,14.4435041868037,1.02446151419795
2020-06-01,16787,899,14463,16650.7142857143,884.571428571429,14166.2857142857,45,6,121.571428571428,NA,4193.69427203826,130629.404228748,1374.55410756641,1311.63203463203,8093.71836940543,2092.7397998729,222026.930823618,64860.6764271554,29.4319215137819,10.9292408619525,2307.7858828062,680.742210199453,5.35533448501817,5.49559784152229,0.688206461101009,0.973144772212046,14.6053144354106,1.0876497394839,0.102971067590459,0.175016874919724,0.0511276395676439,33.2276964118103,14.6053144354106,1.0876497394839
2020-06-02,16837,902,14585,16698.5714285714,890.142857142857,14277,47.8571428571413,5.57142857142856,110.714285714286,NA,4272.74517416336,131961.15210057,1331.74787182205,1247.12554112554,8199.35821178081,2131.96806709286,224254.398504821,65520.1764451809,29.7728530359438,11.0558422706099,2227.46768120327,659.500018025545,5.35724891607769,5.51240312820694,0.683534499086949,0.950726503874298,14.7744984990398,1.14100648745248,0.104020842722884,0.176772717920853,0.0516475027740404,31.7559599110877,14.7744984990398,1.14100648745248
2020-06-03,16867,905,14702,16747,895.142857142857,14381.1428571429,48.4285714285725,5,104.142857142857,NA,4272.75446567194,133084.273946191,1123.12184562115,1118.11255411255,8199.37062850824,2131.97267791667,226156.744254882,66076.2916897319,30.1281769443128,11.1877881436225,1902.34575006078,556.11524455098,5.36550661054129,5.52489110691802,0.680020240682914,0.932077713825733,14.9508246490575,1.13326797846901,0.104906164493741,0.178272277487602,0.0520858710018742,26.2857203002065,14.9508246490575,1.13326797846901
2020-06-04,16911,911,14785,16791.7142857143,899.428571428571,14479.5714285714,44.7142857142862,4.28571428571433,98.4285714285725,NA,4130.43181520188,134128.856057626,1044.58211143469,1182.61904761904,8009.17744970907,2061.34640023979,227977.631662163,66592.8566043214,30.4974369755409,11.3249090522963,1820.88740728138,516.5649145895,5.38702619596712,5.54313183426951,0.679197621433977,0.918880948602171,15.1340664690654,1.04635066994369,0.105729575852274,0.179707625994294,0.052493062943452,24.4475108463884,15.1340664690654,1.04635066994369
2020-06-05,16958,916,14925,16832.4285714286,903.571428571429,14581.2857142857,40.7142857142862,4.14285714285711,101.714285714284,NA,3981.60721105969,135080.784700237,951.928642611048,1096.6103896104,7810.29537119353,1987.49358916169,229643.738594637,67063.6590026955,30.8801888241592,11.4670400083723,1666.10693247346,470.802398374115,5.40158037504423,5.55736163707134,0.678112732342154,0.903834748371387,15.3240034766505,0.985582498617427,0.106479951383559,0.181020965900953,0.0528641817269369,23.0467100100167,15.3240034766505,0.985582498617427
2020-06-06,17000,916,14927,16873,906.714285714286,14675.5714285714,40.5714285714275,3.14285714285711,94.2857142857156,NA,3960.19269651285,136116.119103439,1035.33440320208,1053.60606060605,7781.6780388107,1976.86683758206,231406.135914269,67575.4908977325,31.2760048736594,11.6140222208652,1762.39731963185,511.831895036914,5.38823529411765,5.56710435141085,0.672954831531672,0.885158733735576,15.5204234711392,1.01884092644653,0.107296073063362,0.182410208503662,0.0532676427774559,26.0029266655496,15.5204234711392,1.01884092644653
2020-06-07,17039,917,14990,16914.1428571429,909.428571428571,14768.1428571429,41.1428571428587,2.71428571428578,92.5714285714275,NA,3961.51447924384,137109.254738984,993.135635544866,989.099567099591,7783.44440599441,1977.52275983956,233089.026823577,68066.3820509244,31.6844699722882,11.7657015274482,1682.89090930825,490.891153191973,5.38177123070603,5.57213756159899,0.668809703433732,0.865050639781097,15.7231204373761,1.0387808247572,0.108078930776432,0.183736778693527,0.0536545968971147,25.0779624036823,15.7231204373761,1.0387808247572
2020-06-08,17060,920,15043,16953.1428571429,912.428571428571,14851,39,3,82.8571428571431,NA,3877.11903232121,137930.950201152,821.695462168282,903.090909090912,7670.6623697312,1935.6423124945,234511.706325775,68472.6294231282,32.1051815479041,11.9219284371035,1422.67950219833,406.247372203798,5.39273153575615,5.57651003195558,0.667000407565026,0.84878422854344,15.9318946027193,0.984351523653379,0.108726647570926,0.184858232381886,0.0539748289755554,20.7419527676477,15.9318946027193,0.984351523653379
2020-06-09,17111,920,15141,16992.2857142857,915,14930.4285714286,39.1428571428551,2.57142857142856,79.4285714285706,NA,3865.27083440853,138760.257847396,829.307646243135,838.584415584395,7654.82900507274,1929.76275563557,235921.444389688,68882.6542701361,32.5377554942025,12.082560315912,1409.73806391296,410.024847007895,5.3766582899889,5.58437595361611,0.663014046148422,0.829221060384357,16.1465553580253,1.00946751343785,0.109380364811686,0.185969484739815,0.0542980387190607,21.3897907010256,16.1465553580253,1.00946751343785
2020-06-10,17146,922,15217,17032.1428571429,917.428571428571,15004,39.8571428571449,2.42857142857144,73.5714285714294,NA,3870.77206142293,139520.763403414,760.505556018732,752.575757575745,7662.18058157663,1932.49268783822,237208.275819672,69258.7526233914,32.9818205831501,12.2474593121674,1286.83142998375,376.098353255278,5.37734748629418,5.59066771132585,0.660833540119117,0.812611552372722,16.3669184848715,1.03104221505853,0.109979847519841,0.186983853648076,0.0545945052702354,19.6753497645944,16.3669184848715,1.03104221505853
2020-06-11,17187,922,15233,17071.5714285714,919,15068,39.4285714285688,1.57142857142856,64,NA,3841.28168794158,140137.909393569,617.145990155026,645.064935064962,7622.77105780886,1917.85836716325,238265.053109091,69563.6381738228,33.4370160731066,12.416491468178,1056.77728941906,304.885550431369,5.3645196951184,5.58628654793022,0.6579233299468,0.793770800823723,16.5928049686093,1.01850872428117,0.110466324372741,0.187816878083419,0.0548348369995744,15.9437440480067,16.5928049686093,1.01850872428117
2020-06-12,17250,924,15362,17113.2857142857,920.142857142857,15130.4285714286,41.7142857142862,1.14285714285711,62.4285714285706,NA,3892.88162870175,140814.214962035,676.305568465817,623.56277056277,7691.72674916656,1943.46435280364,239393.27986272,69897.7371777231,33.9029931444265,12.5895272533617,1128.22675362875,334.099003900323,5.35652173913043,5.58610282383959,0.65618375264821,0.779891112815307,16.824041710768,1.08582902522739,0.110999434868142,0.188706223893355,0.055098196779217,17.606247690422,16.824041710768,1.08582902522739
2020-06-13,17293,927,15458,17155.1428571429,921.714285714286,15206.2857142857,41.8571428571449,1.57142857142856,75.8571428571431,NA,3879.8884341261,141275.840815078,461.62585304337,473.047619047604,7674.36326576502,1937.01660211195,240180.205756607,70126.0230467951,34.3794206524634,12.7664437005654,786.925893887819,228.285869072002,5.36055051176777,5.58547015946119,0.656163144846108,0.768689526555714,17.0604643839292,1.07510751525534,0.111363320068384,0.189326532926276,0.0552781473791064,11.8582042063611,17.0604643839292,1.07510751525534
2020-06-14,17369,927,15514,17202.2857142857,923.142857142857,15281.1428571429,47.1428571428551,1.42857142857144,74.8571428571431,NA,4015.51869897216,141821.440776894,545.599961815751,408.541125541116,7855.613060701,2004.3218463213,241056.140533228,70396.1242093718,34.8659791700832,12.9471221938133,875.934776620998,270.101162576699,5.33709482411192,5.58532706402987,0.653638825640127,0.756552265005876,17.3019144753797,1.21493080641888,0.111793399428212,0.190017004873391,0.0554910596650665,14.0622590334519,17.3019144753797,1.21493080641888
2020-06-15,17439,929,15567,17256.4285714286,924.428571428571,15356,54.1428571428587,1.28571428571433,74.8571428571431,NA,4195.84553303829,142454.598779792,633.158002897311,451.54545454547,8096.59321165062,2093.80734292553,242064.637167695,70709.4593300362,35.362359164234,13.1314477911953,1008.49663446608,313.335120664386,5.32714031767877,5.5695178420808,0.652137598896377,0.746295006305247,17.5482383822514,1.34820104203809,0.112292498049206,0.190811971180751,0.0557380519259506,15.7677762292423,17.5482383822514,1.34820104203809
2020-06-16,17484,934,15652,17309.7142857143,926.428571428571,15429,53.2857142857138,2,73,NA,4150.0087225257,142797.800930318,343.202150526369,387.038961038954,8035.3390917434,2071.06125650575,242662.152278557,70879.4823091373,35.8682626307999,13.3193098319529,597.515110862034,170.022979101152,5.34202699611073,5.55645997378139,0.654071697123523,0.739076576182771,17.7992882228029,1.26983324810245,0.112563033554192,0.191282973626411,0.0558720757146705,8.17957066874792,17.7992882228029,1.26983324810245
2020-06-17,17530,935,15753,17364.5714285714,928.285714285714,15505.5714285714,54.8571428571413,1.85714285714289,76.5714285714294,NA,4172.33345107557,143187.519598262,389.718667943787,365.536796536791,8065.17279055875,2082.13969322974,243314.125171511,71072.5886728216,36.3834004269817,13.5106009458861,651.972892954509,193.106363684259,5.33371363377068,5.55327658701672,0.652989871340261,0.731059077795435,18.0549205126375,1.32172567259935,0.1128702365728,0.19179690343589,0.056024295412406,9.39079153806221,18.0549205126375,1.32172567259935
2020-06-18,17588,935,15753,17421.8571428571,930.142857142857,15579.8571428571,57.2857142857138,1.85714285714278,74.2857142857138,NA,4246.73288868961,143500.299988257,312.780389995023,236.523809523816,8124.94466680786,2118.91578364618,243777.113164976,71227.8030016913,36.9074908888086,13.705216539981,462.987993465242,155.214328869712,5.31612463042984,5.55276017636474,0.65156658214409,0.723377110509508,18.3149954786569,1.37285875061216,0.113116791556874,0.192161862368759,0.0561466460060064,7.49653386199017,18.3149954786569,1.37285875061216
2020-06-19,17658,951,15844,17480.1428571429,934,15648.7142857143,58.2857142857174,3.85714285714289,68.8571428571431,NA,4384.57032294694,143814.011881388,313.711893131753,172.0173160173,8248.41964838517,2185.94896799298,244196.342725308,71383.4795802379,37.4402590485192,13.9030545077919,419.229560331878,155.676578546598,5.38566089024805,5.56382915351165,0.661270753495385,0.72801373137604,18.5793766706938,1.3723415651516,0.113364080815692,0.192492327899454,0.0562693609765478,7.38713503661288,18.5793766706938,1.3723415651516
2020-06-20,17725,955,15948,17541.8571428571,938,15718.7142857143,61.7142857142826,4,70,NA,4471.47920331478,144141.44457128,327.432689891662,236.523809523816,8340.0987290795,2227.85326738068,244693.380780362,71545.9649752217,37.9814356363702,14.1040148587735,497.038055053301,162.485394983814,5.38787023977433,5.57106372869276,0.662543658307613,0.723697834399153,18.8479304661687,1.4073798146061,0.113622185748813,0.192884127429308,0.0563974431238111,7.46783985144501,18.8479304661687,1.4073798146061
2020-06-21,17780,955,15948,17600.5714285714,942,15780.7142857143,58.7142857142862,4,62,NA,4559.53219668622,144448.519209673,307.074638393096,215.021645021654,8381.58678495308,2270.25335646511,245103.740631107,71698.3478784844,38.5307567037567,14.3079995783305,410.359850745386,152.38290326274,5.37120359955006,5.58486986423193,0.661135195587416,0.717590419726169,19.1205258830672,1.31293295955684,0.113864243067623,0.193207601245766,0.0565175617932955,6.86740616316535,19.1205258830672,1.31293295955684
2020-06-22,17820,955,15957,17655,945.714285714286,15836.4285714286,54.4285714285725,3.71428571428567,55.7142857142844,NA,4642.90097037988,144729.121749601,280.602539927437,193.519480519491,8424.47168911391,2310.40091118743,245478.724436367,71837.5942516815,39.0879634269078,14.5149125549218,374.983805259748,139.246373197093,5.35914702581369,5.59230255877409,0.659853378819135,0.712001897331996,19.3970344825257,1.19358837120926,0.114085433260409,0.193503189233668,0.0566273253476106,6.15419582147864,19.3970344825257,1.19358837120926
2020-06-23,17879,965,16096,17711.4285714286,950.142857142857,15899.8571428571,56.4285714285725,4.42857142857144,63.4285714285725,NA,4673.73548738123,145065.415141061,336.293391460233,301.030303030304,8465.67746195366,2325.70225045126,246035.179293455,72005.7001022236,39.6528025763782,14.7246597544015,556.454857088829,168.105850542022,5.39739359024554,5.60291813387697,0.665217136049718,0.714387321736002,19.6773306018117,1.21522316372544,0.11435052280703,0.193941825167427,0.0567598379239383,7.24317390367939,19.6773306018117,1.21522316372544
2020-06-24,17963,967,16101,17773.2857142857,954.714285714286,15949.5714285714,61.8571428571413,4.57142857142856,49.7142857142862,NA,4789.31571946133,145465.094940241,399.679799179663,279.528138528141,8620.13335265731,2383.05785434062,246668.539946064,72205.4047931161,40.2250248162927,14.9371485884609,633.360652608419,199.704690892584,5.38328786950955,5.61596638655462,0.664764286165873,0.710422840710837,19.9612905103407,1.32334619384132,0.114665577873374,0.19444108353084,0.0569172588763299,8.5516135917142,19.9612905103407,1.32334619384132
2020-06-25,18055,971,16142,17840,959.857142857143,16005.1428571429,66.7142857142862,5.14285714285722,55.5714285714275,NA,4887.25286506244,145847.703081513,382.608141272067,279.528138528112,8751.01186695471,2431.65824238327,247278.894650837,72396.9256967334,40.8043836813498,15.1522875347492,610.354704773548,191.520903617289,5.37801163112711,5.63329504581926,0.665762970197288,0.708194353363308,20.2487919020232,1.39281941018104,0.114967175886534,0.194922207026201,0.0570682288055568,7.98878511427724,20.2487919020232,1.39281941018104
2020-06-26,18162,971,16224,17912,962.714285714286,16059.4285714286,72,2.85714285714278,54.2857142857138,NA,4992.5904352791,146536.456236145,688.753154632257,580.558441558445,8891.77995453819,2483.93102158853,248407.673727432,72738.2092170773,41.3906344234129,15.3699857085673,1128.77907659451,341.28352034383,5.3463274969717,5.64310835705912,0.662633739712679,0.703975430158305,20.5397133228966,1.47305458360371,0.115510098424208,0.19581198821503,0.057337251914468,14.0928487567311,20.5397133228966,1.47305458360371
2020-06-27,18254,971,16293,17987.5714285714,965,16108.7142857143,75.5714285714275,2.28571428571433,49.2857142857156,NA,5053.5503434572,147201.762464669,665.306228524423,602.060606060608,8973.24385840318,2514.18180309045,249513.064371224,73067.4975925641,41.9835318494416,15.5901520600053,1105.3906437917,329.288375486882,5.3193820532486,5.63964701069487,0.659638841099511,0.699768085663171,20.8339330982192,1.51350781564501,0.11603453848447,0.196683333034887,0.0575968196264177,13.3258723532212,20.8339330982192,1.51350781564501
2020-06-28,18366,972,16327,18071.2857142857,967.428571428571,16162.8571428571,83.7142857142862,2.42857142857144,54.1428571428569,NA,5220.69797004544,147973.399268747,771.636804077425,602.060606060608,9196.61194721091,2597.12724184853,250760.502057101,73449.62348245,42.5828310908272,15.8126956596279,1247.43768587735,382.125889885894,5.29238810846129,5.64229891186616,0.656874819936163,0.696670499995425,21.1313297142451,1.65637105664815,0.116642795606801,0.197666649088618,0.0578980374959151,15.2692018805444,21.1313297142451,1.65637105664815
2020-06-29,18476,972,16388,18165,969.857142857143,16224.4285714286,93.7142857142862,2.42857142857144,61.5714285714275,NA,5426.22739171956,148740.413538906,767.01427015895,559.056277056283,9471.27163009232,2699.1192856868,251986.256978078,73829.5994145805,43.1882874519713,16.0375256422455,1225.75492097661,379.97593213043,5.2608789781338,5.64296935391367,0.653487493327263,0.693602469314847,21.4317817430835,1.79487471177637,0.117247408930437,0.198632873297956,0.058197560621058,14.6917955139296,21.4317817430835,1.79487471177637
2020-06-30,18615,972,16458,18270.1428571429,970.857142857143,16276.1428571429,105.142857142859,1,51.7142857142862,NA,5658.61502483406,149640.368271587,899.954732681595,666.567099567095,9781.8233413602,2814.43946452557,253428.911253448,74274.466317372,43.7996535822791,16.2645501567627,1442.65427537044,444.866902791502,5.22159548751007,5.62815734989648,0.649557342866121,0.690271220318247,21.7351664393265,1.9374978004347,0.117956815056527,0.199770072474327,0.0585482352657642,16.5852749564998,21.7351664393265,1.9374978004347
2020-07-01,18838,976,16563,18395.1428571429,972.142857142857,16342.1428571429,125,1.28571428571422,66,NA,6075.46697489978,150746.575200008,1106.20692842072,688.069264069258,10338.8843376933,3021.29832696421,255154.847707657,74821.7558994669,44.4166721637178,16.4936736507787,1725.93645420863,547.28958209492,5.18101709310967,5.62159750848816,0.647444227973378,0.690847065123841,22.0413561113186,2.20882862476432,0.118828803327988,0.201130574118903,0.0589796465003341,19.5490755876817,22.0413561113186,2.20882862476432
2020-07-02,19055,977,16615,18538,973,16409.7142857143,142.857142857141,0.85714285714289,67.5714285714294,NA,6435.76590223255,151881.809192276,1135.23399226784,774.077922077937,10820.3705809653,3200.09328338499,256950.729555324,75382.9461297867,45.039081759925,16.7247990425936,1795.88184766762,561.190230319829,5.12726318551561,5.60193448097185,0.643263340880513,0.688894425728591,22.3502210237222,2.35119211267538,0.119723672724653,0.202546211526211,0.0594220151804835,18.685542970737,22.3502210237222,2.35119211267538
2020-07-03,19185,977,16721,18684.1428571429,973.857142857143,16480.7142857143,146.142857142859,0.85714285714289,71,NA,6649.75673315063,152526.700456094,644.891263818485,430.043290043279,10951.5716700729,3307.29174083305,257812.531377033,75702.9673584485,45.6666133537353,16.9578264354544,861.801821708214,320.021228661804,5.09252019807141,5.58436345465418,0.640543588157691,0.685832544802756,22.6616276792972,2.27063092033695,0.120232020307704,0.203225542907661,0.05967427789087,10.0204276167779,22.6616276792972,2.27063092033695
2020-07-04,19461,977,16832,18856.5714285714,974.714285714286,16557.7142857143,172.428571428569,0.857142857142776,77,NA,7177.7560736599,153399.591571495,872.891115401057,344.034632034629,11657.1647196938,3569.30645116096,259102.776441306,76135.4117143189,46.2989743903564,17.1926471921525,1290.24506427298,432.444355870335,5.02029700426494,5.57489296336242,0.636898697050733,0.684184205663471,22.9754309004776,2.59282852042524,0.120920093032017,0.204242602676906,0.0600151602309552,13.1266623792339,22.9754309004776,2.59282852042524
2020-07-05,19668,977,16870,19042.5714285714,975.428571428571,16635.2857142857,186,0.714285714285779,77.5714285714275,NA,7610.08022725245,154198.166807339,798.575235843658,365.53679653682,12103.3461096,3784.70683672464,260169.954168208,76531.6971696999,46.9358633970406,17.4291493638888,1067.17772690256,396.285455381076,4.96745983323165,5.56433868470377,0.633600269204692,0.682322036683888,23.2914810842457,2.59118629777211,0.121549584876305,0.20508382545134,0.0603275396424061,11.1256948222882,23.2914810842457,2.59118629777211
2020-07-06,19848,978,17007,19238.5714285714,976.285714285714,16723.7142857143,196,0.85714285714289,88.4285714285725,NA,8073.85613246227,155028.336651943,830.169844603748,365.536796536791,12591.606165453,4015.64289280082,261279.3534182,76943.6611527364,47.5769747042813,17.6672194434408,1109.39924999216,411.963983036447,4.92744860943168,5.55086260112414,0.630852411321246,0.681531676296171,23.6096265449817,2.57539314620998,0.122203981761026,0.205958330129902,0.0606522779461023,10.9088185644985,23.6096265449817,2.57539314620998
2020-07-07,20055,981,17057,19444.2857142857,977.571428571429,16809.2857142857,205.714285714286,1.28571428571422,85.5714285714275,NA,8781.71583473874,155887.99722002,859.66056807735,150.515151515167,13483.7194362298,4366.76768598206,262428.162659673,77370.2596301282,48.2219924862429,17.9067401521379,1148.80924147283,426.598477391773,4.89154824233358,5.53613902237755,0.629297968730343,0.682131029630886,23.9297105570829,2.54778427088777,0.12288162525931,0.206863900470291,0.0609885521632959,10.6474595778459,23.9297105570829,2.54778427088777
2020-07-08,20261,982,17057,19647.5714285714,978.428571428571,16879.8571428571,203.285714285714,0.85714285714289,70.5714285714275,NA,9425.57679622431,156726.234804882,838.237584862189,193.519480519462,14274.658269955,4686.49353367953,263548.34325164,77786.2271534432,48.8705735163217,18.1475840363168,1120.18059196696,415.967523315063,4.84674991362717,5.52004835784808,0.626570274735783,0.681275259118404,24.2515627975732,2.31478031830099,0.123542381690967,0.207746903743022,0.061316446332389,9.54525972642254,24.2515627975732,2.31478031830099
2020-07-09,20617,982,17412,19870.7142857143,979.142857142857,16993.7142857143,223.142857142859,0.714285714285666,113.857142857145,NA,10203.8568002582,157634.242081644,908.0072767612,129.012987012975,15268.4383764949,5072.77963664803,264761.760720817,78236.817230633,49.5223637712023,18.3896196330659,1213.41746917716,450.590077189772,4.76305961100063,5.50699019765386,0.62296109464046,0.679826975986223,24.5750075857094,2.36733718764313,0.124258135385321,0.208703402725558,0.0616716323762038,9.6334399092152,24.5750075857094,2.36733718764313
2020-07-10,21044,982,17494,20136.2857142857,979.857142857143,17104.1428571429,265.571428571428,0.714285714285779,110.428571428572,NA,11140.6872817953,158700.799835908,1066.55775426427,129.012987013004,16474.097753248,5537.74492394134,266187.057460208,78766.0864921476,50.1769983413448,18.632711436987,1425.29673939059,529.269261514593,4.66641322942406,5.49863716530383,0.618774449161794,0.678508919372137,24.8998638385621,2.60258557827812,0.125098869454744,0.209826919500015,0.0620888387565188,10.4524962976478,24.8998638385621,2.60258557827812
2020-07-11,21430,982,17494,20417.5714285714,980.571428571429,17198.7142857143,281.285714285714,0.714285714285666,94.5714285714275,NA,12126.0254965809,159815.865323421,1115.06548751294,129.012987012975,17744.5805432277,6026.78171795959,267677.177612825,79319.4272603871,50.8340846058831,18.8767136523659,1490.12015261699,553.340768239505,4.5823611759216,5.48448698792678,0.614457142920522,0.676935987151112,25.2259367217164,2.52479981492757,0.125977840650857,0.211001534540625,0.0625250199515824,10.008947018332,25.2259367217164,2.52479981492757
2020-07-12,21841,983,17845,20728,981.428571428571,17338,310.428571428572,0.85714285714289,139.285714285714,NA,13232.4982754423,161030.70606765,1214.84074422932,107.510822510842,19184.7425335751,6574.63501960723,269300.632643465,79922.2805620347,51.4932190932937,19.1214764542086,1623.45503064041,602.853301647643,4.50070967446545,5.4636117097844,0.610442582042108,0.675763488418876,25.5530260162209,2.55998584964249,0.126935461556535,0.212281253289073,0.0630002303258285,10.018457775566,25.5530260162209,2.55998584964249
2020-07-13,22125,984,18058,21053.2857142857,982.285714285714,17488.1428571429,325.285714285714,0.85714285714289,150.142857142859,NA,14359.4830092854,162287.560931363,1256.85486371329,129.012987012975,20644.5630029985,7133.89060181512,270980.233332669,80545.9829756067,52.1539931876755,19.3668481072098,1679.60068920365,623.702413572013,4.44745762711864,5.44051904893777,0.606331128740154,0.674676377625264,25.880928950275,2.45821913680635,0.127926200876575,0.213605229901491,0.0634918754019386,9.49824317034559,25.880928950275,2.45821913680635
2020-07-14,22437,984,18126,21393.5714285714,982.714285714286,17640.8571428571,340.285714285714,0.428571428571331,152.714285714283,NA,15463.8677277662,163585.893701792,1298.33277042879,193.519480519491,22050.7795948705,7682.36293257571,272715.263111354,81190.2684105564,52.8159874221468,19.6126728466639,1735.02977868513,644.285434949619,4.38561304987298,5.41082637217424,0.601518858217553,0.671505252190809,26.2094373673811,2.3697650142224,0.128949635931248,0.214972899528917,0.0639997454290695,9.04164007568545,26.2094373673811,2.3697650142224
2020-07-15,23172,984,18126,21809.4285714286,983,17793.5714285714,415.857142857145,0.285714285714334,152.714285714286,NA,16901.5747699868,165152.899445311,1567.00574351932,129.012987012975,23925.6422854119,8396.09940250688,274809.334593104,81967.8802832802,53.478754304567,19.8587845009745,2094.07148175023,777.611872723879,4.24650440186432,5.38512106935466,0.595811519691691,0.668470257097754,26.5383292037701,2.68923771063038,0.130184857474844,0.216623590484446,0.0646127125108544,10.1333364401823,26.5383292037701,2.68923771063038
2020-07-16,23510,985,18641,22222.7142857143,983.428571428571,17969.1428571429,413.285714285714,0.428571428571445,175.571428571431,NA,18331.8789786169,166691.143047881,1538.24360256954,107.510822510812,25798.4129496333,9101.00976167672,276864.96972619,82731.2192138786,54.1418363087707,20.1050131725132,2055.63513308583,763.338930598402,4.18970650786899,5.35461489398111,0.59091321949665,0.665660182754239,26.8673774163825,2.44528464945031,0.13139740672366,0.218243983270282,0.0652144286794395,9.10118508780077,26.8673774163825,2.44528464945031
2020-07-17,24104,985,18944,22659.8571428571,983.857142857143,18176.2857142857,437.142857142855,0.428571428571445,207.142857142855,NA,19831.2981251332,168298.501588337,1607.35854045564,107.510822510842,27763.5455091372,9844.50347348177,279012.966754558,83528.8557828266,54.8047662508064,20.3511853773322,2147.99702836847,797.636568947913,4.08645867905742,5.32505489747317,0.58526961957709,0.662227552394397,27.1963501695731,2.38465359888917,0.132664437113093,0.219937182045077,0.0658431806020153,8.76810578081235,27.1963501695731,2.38465359888917
2020-07-18,24946,986,19211,23162.1428571429,984.428571428571,18421.5714285714,502.285714285717,0.571428571428555,245.285714285714,NA,21548.0502762761,170123.335990562,1824.83440222515,107.510822510812,30019.1595451896,10693.774680601,281451.588116618,84434.4127042315,55.4670504319517,20.5971177854969,2438.62136205967,905.556921404961,3.95253748095887,5.28836192011051,0.579579511687157,0.658913107063781,27.5250024699911,2.53285976880131,0.134102896912266,0.221859470878764,0.0665570027579956,9.20178997214737,27.5250024699911,2.53285976880131
2020-07-19,25446,986,19211,23677.1428571429,984.857142857143,18616.7142857143,515,0.428571428571445,195.142857142859,NA,23267.5959835745,171972.323256302,1848.98726573997,129.012987012975,32270.7059897891,11547.298973589,283922.486209569,85351.9552571551,56.1281870098602,20.8426240430216,2470.89809295116,917.542552923594,3.87487227855066,5.2280345198914,0.573348072137456,0.654077877850155,27.8530852830885,2.39008500674391,0.135560395657196,0.223807202448395,0.0672802728118709,8.58076365162217,27.8530852830885,2.39008500674391
2020-07-20,25706,988,19603,24188.7142857143,985.428571428571,18837.4285714286,511.571428571428,0.571428571428555,220.714285714286,NA,24953.3596798629,173787.671368175,1815.34811187282,129.012987013004,34477.1558219231,12381.719841135,286348.430547198,86252.8046961296,56.7876724387813,21.087517163379,2425.94433762849,900.849438974488,3.84346067066055,5.17149604528245,0.568509832844754,0.650505814523999,28.1803487290193,2.19872694875688,0.136991377710827,0.225719498380812,0.0679903842069059,7.80204415253878,28.1803487290193,2.19872694875688
2020-07-21,26463,988,20001,24763.8571428571,986,19105.2857142857,575.142857142855,0.571428571428555,267.857142857141,NA,26898.7989720437,175805.253517498,2017.58214932366,71.5714285714203,37063.3230816348,13310.7831633557,289044.630773943,87254.0108754932,57.4449967446685,21.3316077729607,2696.2002267447,1001.20617936362,3.73351471866379,5.13943184779776,0.561985481225487,0.647755440224973,28.5065397379558,2.30497079270441,0.138581774521514,0.227844828565273,0.0687796036768707,8.0854128470397,28.5065397379558,2.30497079270441
2020-07-22,27136,990,20482,25330.1428571429,986.857142857143,19441.8571428571,566.285714285717,0.85714285714289,336.571428571428,NA,28786.7848762723,177769.38227887,1964.12876137145,75.2857142857392,39611.9479017539,14209.3207441867,291669.398451204,88228.691313467,58.099628578053,21.5746985606148,2624.76767726196,974.680437973788,3.64829009433962,5.0709477563185,0.556901299486416,0.645373295885594,28.8313946327181,2.10534665769813,0.140130035700822,0.22991385070849,0.0695479137357756,7.30191992368432,28.8313946327181,2.10534665769813
2020-07-23,28114,992,20878,25987.8571428571,987.857142857143,19761.4285714286,657.714285714283,1,319.571428571431,NA,30958.449205451,180025.332322334,2255.95004346443,83.285714285681,42516.2300359365,15244.5290364322,294684.142123849,89348.1853199982,58.7510323304211,21.8165906336376,3014.7436726442,1119.49400653123,3.52849114320267,5.02266190185653,0.551033561334485,0.643328011311212,29.154647622615,2.28489871624956,0.141908330455956,0.232290278713476,0.0704303757947143,7.83675583487586,29.154647622615,2.28489871624956
2020-07-24,28883,994,21173,26670.5714285714,989.142857142857,20079.8571428571,682.714285714286,1.28571428571422,318.428571428569,NA,33180.0453615971,182341.499907052,2316.16758471759,93.2857142857392,45500.6982960683,16299.3340032845,297779.357636728,90497.561715422,59.3986694378367,22.0570840018592,3095.21551287896,1149.37639542377,3.44147076134751,4.98358956641907,0.545130977044002,0.641173105166992,29.4760314503551,2.20538629189409,0.143734092812639,0.234730140149463,0.0713363932047977,7.48153620146378,29.4760314503551,2.20538629189409
2020-07-25,29684,996,21464,27347.4285714286,990.571428571429,20401.7142857143,676.857142857145,1.42857142857144,321.857142857145,NA,35345.7385685415,184613.193113996,2271.69320694433,104.57142857142,48389.1030895722,17320.6404067306,300815.139719609,91624.8681188681,60.0419851060954,22.295972648167,3035.7820828812,1127.30640344607,3.35534294569465,4.93927413897496,0.539506404282268,0.638920261830195,29.7952708045285,2.0400782594588,0.145524797410414,0.237123152074243,0.0722250135315132,6.84656450040181,29.7952708045285,2.0400782594588
2020-07-26,30548,998,21606,28076.2857142857,992.285714285714,20743.8571428571,728.857142857141,1.71428571428578,342.142857142855,NA,37639.9329259694,187033.67318571,2420.48007171359,124.571428571449,51497.4311035913,18395.4951791599,304049.753447914,92826.0086055831,60.6804242233546,22.5330504374969,3234.61372830492,1201.14048671501,3.26698965562394,4.89751598778794,0.533593755071615,0.636779159049197,30.1120902161008,2.06221463492841,0.14743278603317,0.239672896757018,0.0731718349533317,6.84801101841419,30.1120902161008,2.06221463492841
2020-07-27,31142,998,21970,28852.8571428571,993.714285714286,21082,776.571428571428,1.42857142857133,338.142857142859,NA,40048.5288090896,189585.983354544,2552.31016883452,142.285714285681,54760.8389751758,19518.3408268522,307460.538608875,94092.5685389897,61.3134371369799,22.7681132620053,3410.78516096168,1266.55993340659,3.20467535803738,4.81987818651737,0.526410224185004,0.633111173575539,30.4262169251178,2.06330188895348,0.149444692192113,0.24236151186186,0.0741702244758147,6.7808573778663,30.4262169251178,2.06330188895348
2020-07-28,32116,1001,22636,29660.4285714286,995.571428571429,21458.4285714286,807.571428571431,1.85714285714289,376.428571428572,NA,42528.4271253647,192213.310242248,2627.3268877037,145.571428571449,58124.0670282722,20674.6985305247,310971.572522778,95396.3548140908,61.9404762877114,23.0009577912016,3511.0339139023,1303.7862751011,3.11682650392328,4.73090395633638,0.520775589754129,0.630746663554945,30.7373792104433,2.01663005182249,0.151515731680758,0.245129149918508,0.0751979583573981,6.56035806016273,30.7373792104433,2.01663005182249
2020-07-29,33382,1001,23351,30552.7142857143,997.142857142857,21868.2857142857,892.285714285714,1.57142857142856,409.857142857141,NA,45229.4252592185,195087.451233245,2874.14099099665,171.571428571449,61744.436992271,21927.8211275606,314812.436992271,96822.6202682696,62.5609848202823,23.2313772426189,3840.86446949333,1426.26545417878,2.99862201186268,4.65302313179121,0.51310322302751,0.626345824911856,31.0453007378844,2.09825384264185,0.153781326995962,0.2481567830707,0.0763222387393786,6.75816432741397,31.0453007378844,2.09825384264185
2020-07-30,35144,1007,24024,31557,999.285714285714,22317.7142857143,1004.28571428571,2.14285714285722,449.428571428572,NA,48245.7754749315,198290.9443061,3203.49307285581,185,65767.878708249,23330.3815998049,319093.431821802,98412.3235976567,63.1744109558423,23.4591667188654,4280.99482953112,1589.70332938711,2.86535397222855,4.57527454917684,0.5078396310653,0.625346571837642,31.3497076923729,2.22060433165186,0.156306540240852,0.25153135719931,0.0775753520789484,7.08276316688965,31.3497076923729,2.22060433165186
2020-07-31,36234,1008,24774,32607.1428571429,1001.28571428571,22832.1428571429,1050.14285714286,2,514.428571428572,NA,51367.0136049278,201608.896721811,3317.95241571064,194.714285714261,69871.4469103821,24780.1700166237,323527.38463932,100058.82630019,63.7802085309213,23.6841234077626,4433.95281751768,1646.50270253309,2.7819175360159,4.52558514931396,0.499977935691441,0.621119692855767,31.6503290454196,2.17683557532768,0.158921978200454,0.255026503318678,0.0788732385852171,6.87718744915738,31.6503290454196,2.17683557532768
2020-08-01,37804,1012,25347,33767.1428571429,1003.57142857143,23386.8571428571,1160,2.28571428571422,554.714285714283,NA,54780.7325863999,205239.92306259,3631.02634077941,215.021645021683,74356.6192290868,26375.4612834766,328379.714467182,101860.688995614,64.3778242895911,23.9060418634212,4852.32982786215,1801.86269542437,2.67696540048672,4.47284141628305,0.493081455546725,0.618635248492036,31.94689024897,2.25845620216178,0.161784202528634,0.258851442930291,0.0802935905074716,7.0687900384987,31.94689024897,2.25845620216178
2020-08-02,39116,1013,25748,34991.1428571429,1005.71428571429,23978.5714285714,1224,2.14285714285711,591.714285714286,NA,58317.193287864,209036.552595223,3796.62953263297,258.025974025979,78990.2642261019,28055.7887207231,333453.348475186,103744.730718575,64.9667141169524,24.1247200343782,5073.63400800416,1884.04172296073,2.58973310154412,4.34021355823531,0.484604241422583,0.613371005536263,32.2391212911192,2.23456516734976,0.164776966665689,0.262850829695101,0.0817787215830028,6.93059284419928,32.2391212911192,2.23456516734976
2020-08-03,40099,1018,26476,36270.7142857143,1008.57142857143,24622.2857142857,1279.57142857143,2.85714285714289,643.714285714286,NA,62026.5256466599,212970.456382591,3933.90378736734,221.714285714261,83879.6160407216,29783.3800738527,338710.429227535,105696.893500276,65.5463489297973,24.3399614510349,5257.08075234859,1952.16278170109,2.53871667622634,4.28996779485933,0.478000572140961,0.610710312129533,32.5267596192979,2.19436432323281,0.167877939797849,0.266994821782294,0.0833175503553527,6.74570150855665,32.5267596192979,2.19436432323281
2020-08-04,41347,1023,27187,37589.4285714286,1011.71428571429,25272.4285714286,1318.71428571429,3.14285714285711,650.142857142859,NA,65763.1549814529,216989.756713055,4019.30033046394,279.528138528141,88773.3404558736,31511.0629446093,344081.629833163,107691.43351389,66.1162110919529,24.5515738945308,5371.2006056282,1994.54001361369,2.47418192371877,4.19728794272438,0.471450825834514,0.607848549063312,32.8095483614203,2.12625480381818,0.171046228350017,0.271228770975199,0.0848897837722183,6.47997012336347,32.8095483614203,2.12625480381818
2020-08-05,42686,1028,28020,38918.5714285714,1015.57142857143,25939.4285714286,1329.14285714286,3.85714285714289,667,NA,69496.6706363891,221006.843796562,4017.08708350768,279.714285714261,93736.3672669751,33220.9332266507,349449.872761481,109684.875224502,66.6757823951745,24.7593649335726,5368.24292831757,1993.44171061282,2.4082837464274,4.0710792454559,0.465143966739002,0.604267482773223,33.0872303615152,2.02130680137686,0.174212772268937,0.275460388723726,0.086461151431231,6.10841600382557,33.0872303615152,2.02130680137686
2020-08-06,44167,1034,28858,40207.5714285714,1019.42857142857,26630,1289,3.85714285714289,690.571428571428,NA,73034.241322726,224870.804093289,3863.96029672647,322.532467532496,98348.8140506276,34826.244351342,354613.484380298,111602.329206337,67.2245598701138,24.9631477956741,5163.61161881743,1917.45398183419,2.34111440668372,4.00624291216133,0.459819585814724,0.601259540152261,33.3595560257707,1.85495412762415,0.177258611138295,0.279530702020731,0.087972620343845,5.55992144852945,33.3595560257707,1.85495412762415
2020-08-07,45764,1042,30241,41569,1024.28571428571,27411,1361.42857142857,4.85714285714278,781,NA,76754.8020156948,228919.5076434,4048.70355011168,323.28571428571,103243.630056134,36507.232579217,360023.978041482,113611.460291354,67.7620580150692,25.1627421947799,5410.49366118375,2009.13108501783,2.27689887247618,3.98461726556335,0.455181828201018,0.599582232615621,33.6262844285306,1.86429023462982,0.180450077327502,0.283795624698537,0.0895563554452559,5.54356898460976,33.6262844285306,1.86429023462982
2020-08-08,47342,1042,31248,42931.5714285714,1028.57142857143,28254,1362.57142857143,4.28571428571445,843,NA,80427.3871315229,232940.413105549,4020.90546214848,344.034632034629,108028.895096846,38160.2834100576,365397.323668275,115606.796836481,68.287799965352,25.3579710521001,5373.34562679293,1995.33654512632,2.20100544970639,3.88682850988712,0.447324698238538,0.592701286879512,33.8871789301747,1.77541454919877,0.1836196311547,0.288031264744437,0.0911292167429629,5.23863700583358,33.8871789301747,1.77541454919877
2020-08-09,48782,1047,32867,44312.4285714286,1033.42857142857,29271,1380.85714285714,4.85714285714266,1017,NA,84053.2671278472,236984.864530445,4044.45142489573,413.71428571429,112881.541586225,39748.7329893291,370802.134992818,117613.817844324,68.8013298047739,25.5486650678548,5404.81132454367,2007.02100784298,2.14628346521258,3.80833052560647,0.441800366480997,0.58896531369927,34.1420132865795,1.71708432934279,0.18680774552679,0.29229170821426,0.0927112885366318,5.02869926419695,34.1420132865795,1.71708432934279
2020-08-10,49617,1052,33450,45672.1428571429,1038.28571428571,30267.2857142857,1359.71428571428,4.85714285714289,996.285714285714,NA,87572.1078884124,240938.60572391,3953.74119346566,430.043290043308,117430.531366102,41295.454183079,376085.725505296,119575.824752359,69.3022170383522,25.734664382167,5283.5905124782,1962.00690803559,2.12024104641554,3.69312696267238,0.436625752373399,0.584362204157136,34.390573868656,1.61785887351581,0.189924355864801,0.296456597114986,0.0942578771254192,4.7038518888884,34.390573868656,1.61785887351581
2020-08-11,50302,1058,34136,46951.4285714286,1043.28571428571,31260,1279.28571428572,5,992.714285714286,NA,90787.9311963257,244632.476650871,3693.87092696092,473.047619047604,121559.125742598,42689.5029137514,381022.03783051,121408.873483032,69.7900548348485,25.9158179224473,4936.31232521374,1833.04873067234,2.1032960916067,3.61210994109239,0.432485504167107,0.580229953433154,34.6326587902256,1.46099920686068,0.192836118611758,0.30034773749864,0.0957028120224056,4.21809068666908,34.6326587902256,1.46099920686068
2020-08-12,51288,1066,34969,48180.2857142857,1048.71428571429,32252.7142857143,1228.85714285714,5.42857142857156,992.714285714286,NA,93726.248729345,248156.781196878,3524.30454600629,580.558441558445,125278.255253843,43934.5487786868,385731.749759338,123157.776490824,70.264453625028,26.0919810261734,4709.71192882769,1748.90300779259,2.07845889876774,3.53292779178778,0.42956714495514,0.577423521049094,34.8680747312169,1.35369897560376,0.195614217492013,0.304060255887729,0.0970814174817799,3.88190864090195,34.8680747312169,1.35369897560376
2020-08-13,52471,1073,36191,49366.5714285714,1054.28571428571,33300.2857142857,1186.28571428571,5.57142857142844,1047.57142857143,NA,96520.1736498562,251536.835987519,3380.05479064106,580.558441558445,128804.473438392,45095.1549153959,390248.693218612,124835.096913248,70.7250504093767,26.2630188972152,4516.94345927419,1677.32042242339,2.04493910922224,3.45124300866084,0.426577680277907,0.573693486164171,35.0966415565328,1.2658360437262,0.198278608808512,0.307620820930441,0.0984035966313209,3.60630542293623,35.0966415565328,1.2658360437262
2020-08-14,53818,1080,36191,50517.1428571429,1059.71428571429,34150.2857142857,1150.57142857143,5.42857142857156,850,NA,99041.4016063293,254794.566108494,3257.73012097526,731.073593073583,131911.955389357,46199.6300130227,394602.167843569,126451.714868017,71.1715111895656,26.428807508734,4353.47462495684,1616.61795476968,2.0067635363633,3.40284594988853,0.42387089194835,0.569662366853511,35.3181935226416,1.19218976066819,0.200846575419544,0.311052528611468,0.099677925927021,3.37518054287101,35.3181935226416,1.19218976066819
2020-08-15,55051,1093,39439,51618.4285714286,1067,35320.4285714286,1101.28571428572,7.28571428571422,1170.14285714286,NA,101488.41994777,257893.935099285,3099.36899079152,645.064935064962,134951.902679895,47159.5198881524,398744.016233008,127989.74760029,71.6035290522415,26.5892328916177,4141.84838943928,1538.03273227251,1.98543169061416,3.322331548138,0.423817644094349,0.568639080520742,35.5325783266762,1.1120738977482,0.203289710912068,0.3143174179599,0.100890308953386,3.12936705309455,35.5325783266762,1.1120738977482
2020-08-16,56074,1103,40560,52660.1428571429,1075,36419.4285714286,1041.71428571428,8,1099,NA,103664.075590659,260808.664335247,2914.72923596192,731.073593073554,137598.44323492,48036.4983059981,402639.120890598,129436.154589564,72.0208277088673,26.7441924489642,3895.1046575894,1446.40698927434,1.96704354959518,3.22029836438799,0.422915397696369,0.565387467531812,35.7396588630469,1.02655677259435,0.205587300669414,0.317387806953378,0.102030466276581,2.87198208176061,35.7396588630469,1.02655677259435
2020-08-17,56717,1112,41591,53674.4285714286,1083.57142857143,37582.4285714286,1014.28571428572,8.57142857142867,1163,NA,105746.648370246,263630.88213648,2822.21780123259,731.073593073612,140120.784507421,48775.5687938278,406410.597694235,130836.653648822,72.423162841888,26.8935954559663,3771.47680363694,1400.49905925826,1.96061145688242,3.08323306559136,0.421801873509009,0.56079212487052,35.9393138914632,0.978550609181036,0.207811966560539,0.320360743982035,0.103134435816537,2.72246463893313,35.9393138914632,0.978550609181036
2020-08-18,57636,1135,42965,54722.1428571429,1094.57142857143,38843.7142857143,1047.71428571428,11,1261.28571428571,NA,107882.802986334,266530.612510144,2899.73037366389,752.575757575745,142707.794121201,49525.8184529392,410285.658590066,132275.617593648,72.8103222795616,27.0373631248333,3875.06089583115,1438.96394482568,1.96925532653203,3.02084072575876,0.425842266038691,0.562971187509708,36.1314381236922,0.990895582128875,0.210097733184551,0.323415333105959,0.104268726020934,2.74214872845065,36.1314381236922,0.990895582128875
2020-08-19,58728,1148,43786,55785,1106.28571428571,40103.2857142857,1062.85714285714,11.7142857142856,1259.57142857143,NA,109980.702219647,269457.308280253,2926.69577010948,817.082251082262,145220.663176103,50295.020865174,414196.754751195,133727.962863026,73.1821258530767,27.175428551733,3911.09616112884,1452.34526937766,1.95477455387549,2.92637211481778,0.4260415155658,0.559345366568815,36.3159421526546,0.985314008913745,0.212404755785932,0.326498327700768,0.105413564304326,2.71284735759064,36.3159421526546,0.985314008913745
2020-08-20,59900,1157,45110,56846.2857142857,1118.28571428571,41377.4285714286,1061.28571428572,12,1274.14285714286,NA,112038.327336563,272365.517812753,2908.20953249995,838.584415584424,147672.055214006,51002.9067985951,418083.146789098,135171.134510733,73.5384260058142,27.3077369430352,3886.39203790337,1443.17164770674,1.93155258764608,2.85889588476765,0.424796798541664,0.553491715030531,36.492752754765,0.965090739831449,0.214697206265258,0.329561848809057,0.106551171309105,2.64429074720022,36.492752754765,0.965090739831449
2020-08-21,60949,1175,46264,57865,1131.85714285714,42816.4285714286,1018.71428571428,13.5714285714287,1439,NA,113986.353163066,275144.19731891,2778.67950615688,817.082251082262,149985.265274679,51597.0861024023,421796.441098855,136550.028100254,73.8791081092653,27.4342457326237,3713.29430975707,1378.89358952147,1.92784130994766,2.82265678160838,0.427048802573183,0.551719717353271,36.6618130467031,0.909365350887887,0.216887552282145,0.332488922400266,0.107638109934026,2.48011512864677,36.6618130467031,0.909365350887887
2020-08-22,61916,1179,47418,58845.7142857143,1144.14285714286,43956.2857142857,980.714285714283,12.2857142857142,1139.85714285714,NA,115540.770980069,277807.511239809,2663.31392089912,1096.61038961037,151671.258669342,52106.1591759311,425355.566361649,137871.672602354,74.2040907487423,27.5549246879931,3559.12526279426,1321.6445021003,1.9041927773112,2.76717260537127,0.42439457260832,0.543343620389924,36.8230826271954,0.860483455822472,0.21898695922182,0.335294469360859,0.108679920896572,2.33651998418535,36.8230826271954,0.860483455822472
2020-08-23,62658,1188,48319,59786.2857142857,1156.28571428571,45064.7142857143,940.571428571435,12.1428571428571,1108.42857142857,NA,116868.204879908,280351.209208913,2543.69796910358,1204.12121212122,153015.109990321,52472.0168147344,428754.842591054,139133.958812586,74.5133251830952,27.6697557096194,3399.27622940467,1262.28621023186,1.89600689457053,2.70881721005883,0.423754191520081,0.537539914869586,36.9765373089044,0.814159996860523,0.220992076653479,0.337974012335454,0.109674941576944,2.20155876365268,36.9765373089044,0.814159996860523
2020-08-24,63158,1201,49089,60706.4285714286,1169,46135.8571428571,920.142857142855,12.7142857142858,1071.14285714286,NA,118044.049019953,282829.897504801,2478.68829588866,1290.12987012989,154125.565348735,52693.614014198,432067.243004412,140363.984583478,74.806795021497,27.7787327109378,3312.40041335853,1230.02577089213,1.90158016403306,2.64677247718885,0.424636861447652,0.534084451221938,37.1221689580361,0.787430985842308,0.22294594899607,0.34058507382551,0.110644532363492,2.12092613079469,37.1221689580361,0.787430985842308
2020-08-25,63888,1219,50092,61599.5714285714,1181,47154,893.142857142855,12,1018.14285714286,NA,118773.438711759,285226.953863274,2397.05635847279,1655.66666666666,154507.363927166,52831.9878462221,435270.554403356,141553.501272645,75.084516701346,27.881861795807,3203.31139894389,1189.51668916695,1.9080265464563,2.58063106371821,0.427378963835352,0.532501582127679,37.259985731495,0.756712364291711,0.224835473439389,0.343110143862546,0.111582191109801,2.03064566013626,37.259985731495,0.756712364291711
2020-08-26,64779,1230,51407,62464,1192.71428571429,48242.7142857143,864.428571428572,11.7142857142858,1088.71428571428,NA,119310.470643479,287538.877569886,2311.92370661185,1763.17748917747,154593.245120785,52819.2582570219,438360.098600639,142700.771683445,75.3465410849307,27.9791618514136,3089.54419728229,1147.27041079986,1.89876348816746,2.51935762264857,0.427768241427126,0.528032033429368,37.3900128692137,0.727887572147113,0.226657890479894,0.345545534778094,0.112486548438172,1.94649892407549,37.3900128692137,0.727887572147113
2020-08-27,65653,1241,52542,63285.8571428571,1204.71428571429,49304.4285714286,821.857142857145,12,1061.71428571429,NA,119683.189777087,289729.778521675,2190.90095178934,1806.18181818182,154444.137223517,52682.472263173,441287.913780293,143787.985689596,75.5929502570201,28.0706633590912,2927.8151796544,1087.2140061511,1.89024111617139,2.4695877284947,0.428330151747642,0.523662134482252,37.5122911049874,0.688926427344844,0.228384909073622,0.347853439774955,0.113343565183932,1.83630232952156,37.5122911049874,0.688926427344844
2020-08-28,66499,1251,53691,64078.7142857143,1215.57142857143,50365.4285714286,792.857142857138,10.8571428571429,1061,NA,119736.783451157,291836.934966308,2107.15644463286,2042.70562770564,153782.901057519,52451.271701863,444103.816808435,144833.642271143,75.8238562113801,28.156407906571,2815.903028142,1045.65658154714,1.88123129671123,2.44990916131856,0.428664041494413,0.519219407052397,37.6268760146698,0.662548093262217,0.230045914495526,0.350073127928254,0.114167823513598,1.76061186918355,37.6268760146698,0.662548093262217
2020-08-29,67353,1271,54883,64855.4285714286,1228.71428571429,51431.8571428571,776.71428571429,13.1428571428571,1066.42857142857,NA,119932.856994867,293895.337514347,2058.40254803892,1849.18614718612,153382.611418481,52153.1631918673,446854.567462437,145855.105189719,76.0394010971364,28.2364482794664,2750.75065400178,1021.46291857568,1.88707258770953,2.44267481554269,0.43246688115219,0.519554892057082,37.7338381384286,0.648768821065143,0.231668488747884,0.352241458505814,0.114973010736573,1.71910626685457,37.7338381384286,0.648768821065143
2020-08-30,67958,1285,55700,65612.5714285714,1242.57142857143,52486.2857142857,757.142857142862,13.8571428571429,1054.42857142857,NA,120092.578207953,295896.599852974,2001.26233862725,1827.68398268399,152941.735231978,51815.4136756973,449528.958675202,146848.212816406,76.2397585917783,28.310848971124,2674.39121276484,993.107626687211,1.89087377497866,2.42273324865744,0.434273324072832,0.517817806066937,37.8332636620855,0.63138818152409,0.233246021162992,0.354349597327689,0.115755846371138,1.66865226825448,37.8332636620855,0.63138818152409
2020-08-31,68396,1298,56338,66360.8571428571,1256.42857142857,53521.8571428571,748.28571428571,13.8571428571427,1035.57142857143,NA,120138.082429324,297869.653857895,1973.05400492065,1913.69264069264,152317.214060358,51504.3803247557,452165.653620798,147827.322322607,76.4251301357438,28.3796847843754,2636.69494559598,979.109506201232,1.89777179952044,2.39451996613095,0.435761073069645,0.516027799627887,37.9252525485646,0.623172944387251,0.23480131783222,0.356428021362931,0.116527647725793,1.64294416388005,37.9252525485646,0.623172944387251
2020-09-01,69023,1313,57503,67094.4285714286,1269.85714285714,54580.5714285714,733.57142857142,13.4285714285716,1058.71428571428,NA,120248.419443145,299799.601261326,1929.94740343129,1806.18181818182,151817.951758371,51099.2414422479,454744.742967163,148785.040582957,76.5957441705086,28.4430405486091,2579.0893463649,957.718260349327,1.90226446257045,2.35953982470018,0.437959221585321,0.515317112155725,38.0099181598012,0.610688218908994,0.236322634917742,0.358461036708705,0.11728258703139,1.6064409922363,38.0099181598012,0.610688218908994
2020-09-02,69619,1327,58108,67785.8571428571,1283.71428571429,55537.8571428571,691.42857142858,13.8571428571429,957.285714285717,NA,120286.758901908,301614.975352124,1815.37409079802,1763.1774891775,151238.124952186,50635.3894873056,457170.722021783,149685.902913729,76.7518573938032,28.5010115858832,2425.97905462084,900.862330771954,1.90608885505394,2.33186370041286,0.439964891813073,0.514552620048674,38.0873878796316,0.575077306954673,0.237753637449747,0.360373360007439,0.117992708588625,1.50968644677809,38.0873878796316,0.575077306954673
2020-09-03,70278,1334,58200,68446.5714285714,1297,56346.1428571429,660.71428571429,13.2857142857142,808.28571428571,NA,120198.822716497,303346.506699181,1731.53134705673,1806.18181818182,150473.851785415,50112.5027873488,459484.657646221,150545.159070915,76.8937505060227,28.5537021313976,2313.93562443793,859.256157186057,1.89817581604485,2.31301494453758,0.439761121535803,0.51148607482045,38.1578010029887,0.54935691350409,0.239118549373103,0.362197362979746,0.118670033302471,1.43950287036063,38.1578010029887,0.54935691350409
2020-09-04,70866,1352,60093,69070.4285714286,1311.42857142857,57260.7142857143,623.85714285713,14.4285714285713,914.571428571428,NA,120182.453075386,304978.730131663,1632.22343248152,1634.16450216452,149867.622853047,49559.1926109862,461665.882926307,151355.134608838,77.0217264161779,28.6012246672932,2181.22528008575,809.975537923165,1.9078260378743,2.31223190829658,0.443309603727554,0.512838249086493,38.2213078456221,0.519091730465075,0.240405179978066,0.363916754544546,0.119308511647791,1.35793628888638,38.2213078456221,0.519091730465075
2020-09-05,71467,1361,61099,69658.1428571429,1324.28571428571,58148.7142857143,587.71428571429,12.8571428571429,888,NA,119726.777997996,306514.11133133,1535.38119966717,1978.19913419912,148549.755152206,49042.1111010466,463717.692881143,152117.053098898,77.1361101458107,28.6436998869713,2051.80995483627,761.918490060401,1.90437544601005,2.29767109842063,0.444025233973261,0.510635527822607,38.2780696964174,0.48908543120385,0.241615472884334,0.365534132062185,0.119909108127593,1.27754190431118,38.2780696964174,0.48908543120385
2020-09-06,71918,1366,61730,70223.8571428571,1335.85714285714,59010.1428571429,565.71428571429,11.5714285714287,861.428571428572,NA,119105.468383762,307990.083102377,1475.97177104745,2085.70995670996,146971.345351028,48547.9767919423,465690.110918793,152849.490218366,77.2372495438031,28.6812569605308,1972.41803765012,732.437119467155,1.89938541116271,2.27465117636756,0.443520773863987,0.506944869566971,38.3282591721128,0.472569775141097,0.242778935198929,0.367088927418336,0.120486465366415,1.23278333863804,38.3282591721128,0.472569775141097
2020-09-07,72213,1377,62190,70769.1428571429,1347.14285714286,59846.1428571429,545.28571428571,11.2857142857142,836,NA,118429.521625542,309411.132015153,1421.04891277553,2085.70995670991,145319.824984844,48069.44467347,467589.132677152,153554.672385608,77.3255109978694,28.7140319422752,1899.02175835811,705.18216724199,1.90685887582568,2.24898640591462,0.445038932837285,0.505570606388825,38.3720580891683,0.457881515490699,0.243899103544721,0.368585866786544,0.121042338380116,1.19310131773031,38.3720580891683,0.457881515490699
2020-09-08,72724,1398,62936,71297.8571428571,1359.28571428571,60622.2857142857,528.71428571429,12.1428571428571,776.142857142862,NA,117772.689256278,310787.645966235,1376.51395108196,2021.20346320351,143717.394622815,47603.2410702475,469428.64004406,154237.754496671,77.4012782872244,28.7421673446624,1839.50736690871,683.08211106321,1.92233650514273,2.23020183150784,0.449824829958616,0.508097213614731,38.4096568944121,0.446500930615661,0.244984166375199,0.370035892824169,0.121580790611782,1.16230643524366,38.4096568944121,0.446500930615661
2020-09-09,73264,1412,63734,71818.5714285714,1371.42857142857,61426,520.71428571429,12.1428571428571,803.714285714283,NA,117029.40795346,312142.217477269,1354.57151103462,2085.70995670994,141976.179895568,47175.8630230918,471238.824584213,154909.947878086,77.4649528112911,28.765812223233,1810.18454015261,672.193381415709,1.92727669796899,2.21498251086726,0.452357906409383,0.508265595015223,38.4412547785354,0.442197998895171,0.2460519326675,0.371462804595954,0.122110659598939,1.15015757862761,38.4412547785354,0.442197998895171
2020-09-10,73916,1416,64489,72338.2857142857,1383.14285714286,62324.4285714286,519.714285714275,11.7142857142858,898.428571428572,NA,116369.055639103,313493.280747328,1351.06327005906,1999.70129870131,140376.654212357,46806.1726157526,473044.320879023,155580.40032789,77.5169493177996,28.7851205902843,1805.49629481038,670.452449803677,1.91568807835922,2.20744814252427,0.451684322108734,0.505080753528986,38.4670575562013,0.444152510905204,0.247116933523331,0.372886020770788,0.122639156264238,1.15446475692362,38.4670575562013,0.444152510905204
2020-09-11,74558,1428,65244,72865.7142857143,1394,63060.2857142857,527.42857142858,10.8571428571429,735.857142857145,NA,115556.877101143,314863.677966944,1370.39721961564,2171.71861471859,138511.925201007,46404.9357902558,474875.654138735,156260.447068451,77.5576941951596,28.8002507807596,1831.33325971226,680.0467405612,1.91528742723786,2.20716298806169,0.453529606596896,0.504897117524769,38.4872768186506,0.453303593500401,0.248197174725991,0.374329603415751,0.123175215808416,1.17763026612991,38.4872768186506,0.453303593500401
2020-09-12,75206,1441,65934,73399.8571428571,1405.42857142857,63751,534.142857142855,11.4285714285713,690.714285714283,NA,114997.561029996,316250.985272421,1387.30730547663,1935.19480519483,137070.581564904,46047.0882877104,476729.585227908,156948.885280192,77.5876248636217,28.811365226163,1853.93108917249,688.438211740257,1.9160705262878,2.19983184859218,0.455650754339536,0.5052117201696,38.5021296315717,0.462301459382358,0.249290745619653,0.375790999221835,0.123717890086473,1.20054066904418,38.5021296315717,0.462301459382358
2020-09-13,75646,1448,66524,73932.4285714286,1417.14285714286,64435.8571428571,532.57142857142,11.7142857142858,684.857142857145,NA,114627.048620573,317633.862473387,1382.87720096618,1741.67532467534,135951.41665025,45670.3281017237,478577.596137429,157635.125094205,77.6071888713085,28.8186301188794,1848.01090952108,686.239814013301,1.91417920313037,2.18765781679689,0.455870790577727,0.503584076086568,38.511838086514,0.463183771807968,0.250380824400695,0.377247728335741,0.124258831436465,1.20252741760798,38.511838086514,0.463183771807968
2020-09-14,75914,1455,66901,74461.1428571429,1428.28571428571,65108.8571428571,528.71428571429,11.1428571428571,673,NA,114289.925771872,319006.5534775,1372.69100411294,1698.67099567095,134892.185177158,45290.3702541406,480411.994700967,158316.310103765,77.6168409894927,28.822214333536,1834.39856353821,681.18500955982,1.91664251653186,2.17550715776235,0.456103482558274,0.502192079607429,38.5166278594475,0.461315850686704,0.251462873721825,0.378693727263694,0.124795788242439,1.19752800114107,38.5166278594475,0.461315850686704
2020-09-15,76446,1463,66901,74992.8571428571,1437.57142857143,65675.2857142857,531.71428571429,9.28571428571445,566.428571428565,NA,113833.432348382,320387.02975098,1380.4762734797,1827.68398268402,133626.291631394,44959.5614875967,482256.797125899,159001.358480078,77.6170419636402,28.8222889632154,1844.80242493196,685.048376313236,1.91376919655705,2.16179405490523,0.456635214333463,0.501307348286432,38.5167275909794,0.465302219104436,0.252551059926935,0.3801479272297,0.125335790419411,1.20787222859449,38.5167275909794,0.465302219104436
2020-09-16,76997,1481,68110,75526.1428571429,1447.42857142857,66300.4285714286,533.28571428571,9.85714285714266,625.142857142855,NA,113380.604083685,321771.742611824,1384.71286084445,1827.68398268396,132365.488229658,44668.2836591436,484107.26112343,159688.509223053,77.6082569563314,28.8190267412498,1850.46399753122,687.150742975442,1.92345156304791,2.14901870952826,0.460264157436172,0.503920889839806,38.5123681136682,0.468549217957362,0.253642585701161,0.381606590036045,0.125877449826169,1.21643776549458,38.5123681136682,0.468549217957362
2020-09-17,77488,1490,68827,76036.4285714286,1458,66920.1428571429,510.28571428571,10.5714285714287,619.71428571429,NA,112932.142432389,323097.029878277,1325.2872664528,1763.1774891775,131134.018560319,44386.5164379848,485878.311600612,160346.170573323,77.590953775276,28.8126013832131,1771.05047718115,657.661350269802,1.9228783811687,2.14544277347774,0.461161775631717,0.503554282387954,38.5037815726933,0.450132193735569,0.254687268140742,0.383002653651803,0.126395863668367,1.16888358212893,38.5037815726933,0.450132193735569
2020-09-18,78061,1500,69468,76536.8571428571,1468.28571428571,67523.5714285714,500.42857142858,10.2857142857142,603.42857142858,NA,112587.803820654,324397.141482991,1300.11160471459,1634.16450216452,130088.1141327,44112.113174159,487615.718528305,160991.338738069,77.565602082355,28.8031872932067,1737.40692769311,645.168164745584,1.92157415354659,2.146742081826,0.462396183006639,0.503575970419466,38.4912010333491,0.443190325407114,0.255712105394763,0.384372197111332,0.126904429523746,1.15123256914474,38.4912010333491,0.443190325407114
2020-09-19,78662,1504,70051,77030.5714285714,1477.28571428571,68111.7142857143,493.71428571429,9,588.142857142855,NA,112141.843350824,325680.354173334,1283.21269034303,1720.17316017312,128874.963801003,43858.1811257578,489330.542555581,161628.120975382,77.5326723618315,28.790959180715,1714.82402727654,636.782237313077,1.91197782919326,2.14028036203253,0.461802494601666,0.501668445745866,38.4748599690291,0.438581509785652,0.256723621763917,0.385723939177836,0.127406385015206,1.13974395698056,38.4748599690291,0.438581509785652
2020-09-20,79142,1508,70604,77530,1485.85714285714,68694.5714285714,499.428571428565,8.57142857142867,582.857142857145,NA,111668.829806055,326979.089546314,1298.73537298001,1763.1774891775,128459.767300255,43625.0358436061,491915.866201354,162272.606198064,77.4926334773636,28.7760911534274,2585.32364577253,644.485222681804,1.90543579894367,2.13426958568371,0.461191571024422,0.499975174720508,38.4549910489173,0.445422281644668,0.25774737417757,0.387761868826554,0.127914412528748,1.15811844550928,38.4549910489173,0.445422281644668
2020-09-21,79462,1518,70970,78036.8571428571,1494.85714285714,69275.8571428571,506.857142857145,9,581.28571428571,NA,111301.50839256,328297.936963989,1318.84741767449,1677.16883116885,128594.151170285,43443.8355288538,494905.250071383,162927.071833902,77.4459521022476,28.7587565056651,2989.38387002971,654.465635838482,1.91034708414085,2.1270627263968,0.462384873337328,0.500417827954535,38.4318258552507,0.45396265031641,0.258786980286077,0.390118306493494,0.128430307289361,1.18103451067326,38.4318258552507,0.45396265031641
2020-09-22,79773,1519,71214,78512.1428571429,1502.85714285714,69892,475.28571428571,8,616.142857142855,NA,111133.410619398,329535.479883468,1237.54291947873,1397.64069264074,128050.893968727,43266.3831430312,496741.659536492,163541.190876651,77.393091762518,28.7391273630459,1836.409465109,614.119042748847,1.90415303423464,2.12070265410372,0.460951883098341,0.498067520756031,38.4055944084676,0.427090999219179,0.259762496605394,0.391565890552168,0.128914398094435,1.11188333145847,38.4055944084676,0.427090999219179
2020-09-23,80009,1525,71547,78942.4285714286,1509.14285714286,70383,430.28571428571,6.28571428571422,491,NA,110764.696743228,330656.701072232,1121.2211887645,1483.6493506493,127273.659998769,43049.6357630195,498488.326665435,164097.586353782,77.3345097095793,28.7173735211687,1746.66712894267,556.395477131213,1.90603557099826,2.11166392480845,0.461203415825183,0.497530111542413,38.3765236152799,0.387238963794816,0.260646320147986,0.39294273353828,0.129352987220834,1.00889658880746,38.3765236152799,0.387238963794816
2020-09-24,80490,1540,72066,79371.2857142857,1516.28571428571,70845.7142857143,428.857142857145,7.14285714285711,462.71428571429,NA,110284.815829565,331775.123188873,1118.42211664037,1591.1601731602,127254.957268626,42813.226544854,501176.818074487,164652.592817679,77.2706573264264,28.6936625964585,2688.49140905211,555.006463896745,1.91328115293825,2.10835356139731,0.464169822377946,0.50001609937814,38.3448374702567,0.387238220328128,0.261527937269699,0.395061987103221,0.129790481431609,1.00972796344405,38.3448374702567,0.387238220328128
2020-09-25,81054,1544,73016,79798.8571428571,1522.57142857143,71352.5714285714,427.571428571435,6.28571428571445,506.857142857145,NA,109846.435296065,332891.184213814,1116.06102494162,1548.15584415582,127239.181018882,42597.6993628164,503794.404462106,165206.427612011,77.201980256079,28.6681600738601,2617.58638761833,553.834794331924,1.90490290423668,2.10844505639072,0.463815226482026,0.499012427233674,38.310757119558,0.387757408218955,0.262407693216783,0.397125348460755,0.130227052051967,1.01198067616705,38.310757119558,0.387757408218955
2020-09-26,81703,1547,73677,80233.2857142857,1528.71428571429,71870.5714285714,434.428571428565,6.14285714285711,518,NA,109620.690027195,334026.218165723,1135.03395190876,1354.63636363638,127365.953576837,42430.2350081246,506226.012184896,165769.677543033,77.1289169339084,28.641028761832,2431.60772279021,563.249931022408,1.8934433252145,2.10207673631028,0.463137297573592,0.497767533580814,38.2745001326162,0.395548499653926,0.263302404927899,0.399042108662298,0.130671044329663,1.03329156640317,38.2745001326162,0.395548499653926
2020-09-27,82186,1549,73677,80668.1428571429,1534.57142857143,72309.5714285714,434.857142857145,5.85714285714289,439,NA,109461.992420572,335163.507572087,1137.2894063642,1290.12987012989,127381.0239838,42305.8899015083,508436.170503946,166334.046722131,77.0518942143776,28.6124271683818,2210.15831905021,564.369179097994,1.88474922736232,2.09457773063364,0.462162486369982,0.496248156535506,38.2362783319468,0.396754114538033,0.264198894543112,0.400784307235431,0.131115918875559,1.03747696359333,38.2362783319468,0.396754114538033
2020-09-28,82484,1561,74495,81099.8571428571,1540.71428571429,72813.1428571429,431.71428571429,6.14285714285711,503.57142857142,NA,109231.464820956,336293.75919325,1130.25162116298,1354.63636363635,127333.99918716,42192.9320593786,510693.980872141,166894.923466468,76.9713292757368,28.5825102083553,2257.81036819529,560.876744336536,1.89248824014354,2.08441242182245,0.464177510681361,0.497937307070433,38.1962987383356,0.394457675015637,0.2650898364927,0.402564068426278,0.131558040444527,1.03255166123814,38.1962987383356,0.394457675015637
2020-09-29,83022,1568,74962,81564,1547.71428571429,73348.5714285714,464.142857142855,7,535.42857142858,NA,109236.817821293,337510.233405709,1216.47421245894,1204.12121212122,127910.11790996,42173.738811426,513320.381646224,167498.587361372,76.8876292023942,28.5514290483537,2626.40077408263,603.663894904457,1.88865601888656,2.0758527397654,0.46457850601382,0.497993293518161,38.1547633635941,0.424982708489044,0.266048745010217,0.404634377888565,0.132033889784047,1.11366648287002,38.1547633635941,0.424982708489044
2020-09-30,83591,1575,75522,82075.7142857143,1554.85714285714,73916.4285714286,511.71428571429,7.14285714285711,567.85714285713,NA,109626.243638015,338852.897317669,1342.66391195951,946.095238095208,128753.287286038,42251.4517301427,515776.129776881,168164.87170866,76.8011867301094,28.5193295267556,2455.7481306569,666.284347288165,1.88417413357897,2.06746422207955,0.464803462643398,0.498022163833983,38.111867099152,0.468517355422728,0.267107124915155,0.406570167217469,0.132559100864692,1.22913129358642,38.111867099152,0.468517355422728
2020-10-01,84244,1580,76081,82612,1560.57142857143,74490,536.28571428571,5.71428571428578,573.571428571435,NA,109954.185828754,340261.662019231,1408.76470156206,1075.10822510824,129194.956944877,42386.2522587374,518047.872695793,168863.957951541,76.712382734938,28.4863530779608,2271.74291891203,699.08624288041,1.87550448696643,2.06299266130586,0.464348522435273,0.497428072591719,38.0677989511722,0.489269838842965,0.268217610002031,0.408360911001631,0.133110168652165,1.28506154622409,38.0677989511722,0.489269838842965
2020-10-02,84768,1591,76700,83142.5714285714,1567.28571428571,75016.2857142857,530.571428571435,6.71428571428555,526.28571428571,NA,110396.781773105,341657.067487391,1395.4054681604,946.095238095266,129447.559847948,42532.9948218847,519912.625782013,169556.414800402,76.6215872431231,28.4526371074028,1864.75308622059,692.456848861562,1.87688750471876,2.06455425123918,0.465671619703496,0.498735835567157,38.0227425417002,0.48261234038045,0.269317564423674,0.409830837449006,0.133656010695988,1.26907898743723,38.0227425417002,0.48261234038045
2020-10-03,85345,1594,76700,83662.8571428571,1574,75448.1428571429,520.28571428571,6.71428571428578,431.857142857145,NA,110835.48104817,343027.074121763,1370.00663437217,924.593073593045,129702.70814457,42683.5620239039,521743.437082299,170236.267716707,76.529158264625,28.4183145583923,1830.81130028545,679.852916304983,1.86771339855879,2.05896973026712,0.464686352842861,0.497523261549924,37.9768755298139,0.471358474185133,0.270397497740221,0.411274008649703,0.134191917454575,1.24098421382237,37.9768755298139,0.471358474185133
2020-10-04,85746,1598,77851,84171.4285714286,1581,76044.4285714286,508.57142857142,7,596.28571428571,NA,111287.695093866,344367.876912048,1340.80279028456,881.588744588778,129991.518466282,42827.0656641955,523535.221762986,170901.628499856,76.4354379536294,28.3835124863615,1791.78468068672,665.360783148732,1.86364378513283,2.05332675299038,0.464038636335448,0.496625336652939,37.9303677063123,0.45892157401187,0.271454410581239,0.412686416388618,0.134716400518539,1.2097234365788,37.9303677063123,0.45892157401187
2020-10-05,86027,1602,78071,84677.5714285714,1586.85714285714,76555.2857142857,506.14285714287,5.85714285714289,510.857142857145,NA,111693.299963449,345703.931998081,1336.05508603289,924.593073593045,130202.152681417,42970.6418723021,525320.661838926,171564.633279391,76.3407554162358,28.3483531014701,1785.44007594086,663.004779535142,1.86220605158845,2.04787469396183,0.4634023080793,0.495826284940947,37.8833823870042,0.454873644327385,0.27250758095571,0.414093822874347,0.135239026418652,1.20054160965954,37.8833823870042,0.454873644327385
2020-10-06,86540,1609,78521,85180.1428571429,1592.71428571429,77063.7142857143,502.57142857142,5.85714285714289,508.42857142858,NA,111962.123088919,347032.218327014,1328.28632893355,1053.60606060605,130183.482024439,43103.5057648556,527095.720119677,172223.78288623,76.2454264338247,28.3129536658808,1775.05828075099,659.149606839201,1.85925583545181,2.04034573694199,0.46364571213495,0.495996972305122,37.8360762754318,0.450023282446508,0.273554627462303,0.415493045716121,0.135758613406887,1.18922650630631,37.8360762754318,0.450023282446508
2020-10-07,87039,1614,79123,85672.7142857143,1598.28571428571,77578.1428571429,492.571428571435,5.57142857142844,514.428571428565,NA,112184.935665671,348335.710557446,1303.49223043147,1075.10822510824,130095.47625562,43214.8660338774,528837.644753788,172870.628654715,76.1497489154585,28.2774248050551,1741.92463411088,646.845768484782,1.85434115741219,2.03183966119055,0.463346120160088,0.495577943010033,37.7885972061674,0.440009418290293,0.274582129557684,0.416866150342108,0.136268501664745,1.16422607438075,37.7885972061674,0.440009418290293
2020-10-08,87679,1617,79674,86163.4285714286,1603.57142857143,78091.4285714286,490.714285714275,5.28571428571445,513.28571428571,NA,112619.775786307,349635.922972455,1300.21241500892,860.086580086587,130368.245007593,43327.9413676412,530575.186399534,173515.846845622,76.0540066337471,28.2418718950282,1737.54164574575,645.218190906628,1.84422723799313,2.02619522955122,0.462481082107628,0.494527036038787,37.7410859987015,0.437479422166273,0.275607046277303,0.418235799995658,0.136777106954179,1.15899020424967,37.7410859987015,0.437479422166273
2020-10-09,88267,1623,80140,86663.2857142857,1608.14285714286,78582.8571428571,499.857142857145,4.57142857142844,491.42857142858,NA,112930.706046562,350962.026392882,1326.10342042783,1010.6017316017,130541.242510333,43459.436298079,532467.652766744,174173.913204631,75.9584707550861,28.2063956306479,1892.46636720945,658.066359009303,1.8387392796855,2.02378854942344,0.46244319269548,0.494368016749989,37.6936772168096,0.443909233303587,0.276652372065497,0.419727571954362,0.137295840052081,1.17750493744906,37.6936772168096,0.443909233303587
2020-10-10,88962,1626,80798,87180,1612.71428571429,79168.2857142857,516.71428571429,4.57142857142867,585.428571428565,NA,113288.075636922,352334.569143415,1372.54275053274,1010.60173160175,130851.539001608,43610.9763096216,534497.418122487,174855.024644745,75.8633984517736,28.1710915101977,2029.76535574347,681.111440114037,1.82774667835705,2.02162923008322,0.461493177905614,0.493421831414024,37.6464984798275,0.457615659583356,0.277734304522974,0.421327572405049,0.137832738865565,1.21538490157569,37.6464984798275,0.457615659583356
2020-10-11,89400,1628,81266,87702,1617,79656.1428571429,522,4.28571428571422,487.857142857145,NA,113618.493992278,353722.879273663,1388.3101302482,1053.60606060605,130956.892859884,43769.3407351584,536394.929489921,175543.960498853,75.7690279707911,28.13604800424,1897.51136743359,688.935854108131,1.82102908277405,2.02102263495357,0.460247299621372,0.49235354817272,37.5996680155806,0.460837941838991,0.278828665911991,0.422823321179403,0.138375805419514,1.22546889638907,37.5996680155806,0.460837941838991
2020-10-12,89652,1631,81552,88219.8571428571,1621.14285714286,80153.4285714286,517.857142857145,4.14285714285711,497.28571428571,NA,114111.754878145,355101.871761262,1378.99248759868,881.588744588778,131299.595208258,43945.081368102,538237.749054412,176228.272560368,75.6755831119785,28.1013482185397,1842.81956449151,684.312061515084,1.81925668139026,2.01409225635838,0.459304816364509,0.491598039154824,37.553296882636,0.455850403483498,0.279915682495169,0.424275958118633,0.138915227182594,1.21370424756061,37.553296882636,0.455850403483498
2020-10-13,90153,1635,82063,88736,1624.85714285714,80659.4285714286,516.142857142855,3.71428571428578,506,NA,114602.557980254,356477.977893674,1376.10613241215,881.58874458872,131638.868941125,44129.6753886976,540076.711431968,176911.15229525,75.5832734196789,28.0670699652302,1838.96237755578,682.879734881251,1.81358357458986,2.00466003264138,0.458653858412445,0.491151486592042,37.5074890654046,0.452376798285553,0.281000423854964,0.425725554558221,0.139453519887455,1.20592846362028,37.5074890654046,0.452376798285553
2020-10-14,90694,1646,82576,89258.1428571429,1629.42857142857,81152.7142857143,522.142857142855,4.57142857142844,493.285714285725,NA,115153.182851255,357871.758608831,1393.78071515675,838.584415584424,132073.879356618,44328.611683437,541939.293276032,177602.802875703,75.4922893002322,28.0332839497443,1862.58184406406,691.650580453716,1.81489403929698,1.99433138492904,0.459941294724837,0.492775689596724,37.462339051243,0.455674994418897,0.282099097534707,0.427193769483416,0.139998726375147,1.21618639210209,37.462339051243,0.455674994418897
2020-10-15,91402,1650,83272,89790,1634.14285714286,81666.7142857143,531.857142857145,4.71428571428578,514,NA,115774.284807727,359293.154937597,1421.39632876613,795.580086580099,132618.62545834,44535.109109742,543838.779304493,178308.157444866,75.4028067740337,28.0000555354424,1899.48602846137,705.354569162126,1.80521213977812,1.98834698992877,0.459235022244322,0.49229703196286,37.4179341886182,0.46193254296127,0.283219539737642,0.428691074821204,0.140554735287882,1.23435261932983,37.4179341886182,0.46193254296127
2020-10-16,92044,1664,83882,90329.5714285714,1640,82201.2857142857,539.571428571435,5.85714285714289,534.57142857142,NA,116524.05266416,360736.849200957,1443.69426335988,688.069264069229,133374.462493009,44743.3859622364,545768.063225609,179024.577154503,75.3149894277285,27.9674454685401,1929.28392111603,716.419709637266,1.80783103732997,1.98826439066971,0.46127807671598,0.494805495050471,37.3743556558653,0.466117752990748,0.28435755870397,0.4302118689044,0.141119466504255,1.24699043985243,37.3743556558653,0.466117752990748
2020-10-17,92670,1670,84461,90859.2857142857,1646.28571428571,82724.5714285714,529.714285714275,6.28571428571422,523.285714285725,NA,117248.638159173,362155.789674325,1418.94047336758,688.069264069287,134096.791175972,44970.5218362384,547664.267366449,179728.713028505,75.2289870850677,27.935509384544,1896.20414083928,704.135874001979,1.8020934498759,1.98295116268665,0.461127516835166,0.494799811889719,37.3316778016125,0.454657266718992,0.285476065033021,0.431706587232976,0.141674514757769,1.21772324333515,37.3316778016125,0.454657266718992
2020-10-18,93098,1672,84461,91387.5714285714,1652.57142857143,83181,528.285714285725,6.28571428571445,456.428571428565,NA,118013.984213466,363572.486377968,1416.69670364395,645.064935064933,134889.095751434,45241.2585463173,549557.473040812,180431.735452869,75.1449307983529,27.9042959483762,1893.20567436307,703.022424364666,1.79595694859181,1.97697291403552,0.459880783790057,0.493429453676039,37.289965659333,0.450628172085641,0.286592802668681,0.433198941964351,0.142228685313811,1.20828414375328,37.289965659333,0.450628172085641
2020-10-19,93408,1676,85310,91924.1428571429,1659,83717.8571428571,536.57142857142,6.42857142857133,536.857142857145,NA,118824.481021934,365012.974528428,1440.48815045925,623.562770562741,135749.538400152,45524.9443954174,551482.472466086,181146.564159112,75.0629379997332,27.8738487672555,1924.99942527397,714.828706242901,1.79427886262419,1.96927971131475,0.459161760527904,0.492562103545264,37.249277503627,0.454726831950664,0.287728294356635,0.434716358713679,0.142792162392044,1.22060801527865,37.249277503627,0.454726831950664
2020-10-20,93895,1679,85867,92458.7142857143,1665.28571428571,84261.2857142857,534.571428571435,6.28571428571422,543.428571428565,NA,119695.785743382,366449.621241218,1436.64671279019,559.056277056312,136714.451931016,45807.7239671779,553402.338377903,181859.486588016,74.9831127341166,27.8442064771867,1919.86591181695,712.922428903432,1.78816763405932,1.96452165237556,0.458180307108241,0.491428440906455,37.2096649658022,0.449940963387694,0.288860757959602,0.436229728875148,0.143354136811561,1.20904943193061,37.2096649658022,0.449940963387694
2020-10-21,94515,1686,86429,93004.5714285714,1671,84811.7142857143,545.857142857145,5.71428571428578,550.42857142858,NA,120470.498174694,367918.117222313,1468.49598109472,688.069264069229,137503.575651447,46100.8798675708,555364.766127637,182588.21391698,74.9055402701778,27.8154007418138,1962.42774973437,728.727328964276,1.78384383431201,1.95793543851427,0.458254138917884,0.491506393282976,37.1711703596371,0.456094714349789,0.290018327343145,0.437776649200265,0.143928569738733,1.22685687885708,37.1711703596371,0.456094714349789
2020-10-22,95134,1697,87022,93537.7142857143,1677.71428571429,85347.4285714286,533.142857142855,6.71428571428578,535.714285714275,NA,121189.946033245,369353.85079515,1435.73357283755,709.571428571449,138211.43007794,46376.4920164977,557283.411762922,183300.683208764,74.8302927987084,27.7874583684435,1918.64563528518,712.469291784015,1.78379969306452,1.95660938785983,0.459451010554425,0.492786962366242,37.1338295091335,0.4426057136363,0.29115007114649,0.439289057455968,0.144490186964453,1.19177192307747,37.1338295091335,0.4426057136363
2020-10-23,95868,1706,87600,94084,1683.71428571429,85878.5714285714,546.28571428571,6,531.14285714287,NA,121774.917887914,370826.411394407,1472.56059925724,881.588744588749,138677.315229888,46666.7068358927,559251.271273844,184031.42756629,74.7574317419433,27.7604021655901,1967.85951092187,730.744357526157,1.77953018734093,1.95719284145011,0.460053531134684,0.493485853672463,37.0976728944982,0.450823600549623,0.292310844541213,0.440840259468287,0.14506620985206,1.2150847883481,37.0976728944982,0.450823600549623
2020-10-24,96599,1710,88138,94645.2857142857,1689.42857142857,86403.8571428571,561.28571428571,5.71428571428555,525.28571428571,NA,122337.529431457,372340.83246176,1514.42106735241,946.095238095237,139089.96488386,46946.1853891869,561275.071110967,184782.944787683,74.6870062731718,27.734250393248,2023.79983712255,751.517221392947,1.77020466050373,1.95219386575985,0.459256640936801,0.492749638129748,37.0627249175138,0.460976569602872,0.29350461523172,0.442435557487506,0.145658607337575,1.24362314803311,37.0627249175138,0.460976569602872
2020-10-25,97095,1716,88610,95216.2857142857,1695.71428571429,86996.5714285714,571,6.28571428571445,592.71428571429,NA,122927.183053906,373882.86703659,1542.03457483009,946.095238095266,139538.944479125,47199.6912684258,563335.772317953,185548.164952636,74.6190477135263,27.709014682197,2060.70120698609,765.220164953265,1.7673412637108,1.94822353854512,0.458967273253541,0.492628216973179,37.029001120998,0.466797399178077,0.294720152785222,0.44405994370071,0.146261806424275,1.26047549104223,37.029001120998,0.466797399178077
2020-10-26,97503,1721,89031,95801.2857142857,1702.14285714286,87528.1428571429,585,6.42857142857133,531.57142857142,NA,123534.38725803,375464.09721474,1581.23017815023,967.59740259737,140003.67316621,47448.0761688613,565448.852653389,186332.835567358,74.5535756054654,27.6847022893279,2113.08033543674,784.670614721137,1.7650738951622,1.94133470630693,0.45836606289834,0.492226309404593,36.9965112027122,0.475947732649138,0.29596658700508,0.445725618740178,0.146880337691272,1.28631449844322,36.9965112027122,0.475947732649138
2020-10-27,98146,1726,89465,96408.5714285714,1708.85714285714,88042.1428571429,607.285714285725,6.71428571428578,514,NA,124224.433010375,377106.952490895,1642.85527615459,946.095238095237,140586.956150211,47732.3276592839,567644.28582054,187148.08705778,74.490598474212,27.6613163803942,2195.43316715094,815.251490422612,1.75860452794816,1.93600908930534,0.457695088515154,0.491791097099445,36.965259393218,0.491649737034199,0.297261598359385,0.447456209937311,0.147522974904686,1.32987689712914,36.965259393218,0.491649737034199
2020-10-28,98877,1731,90118,97031.7142857143,1715.28571428571,88569.1428571429,623.142857142855,6.42857142857133,527,NA,125045.040565518,378794.075197553,1687.12270665786,860.086580086587,141375.630442016,48048.5464460464,569898.875863262,187985.305844543,74.4301091895598,27.6388543076675,2254.59004272113,837.218786762533,1.75065991079826,1.92811055763777,0.456976524539681,0.491294397881069,36.9352421542176,0.501684229428486,0.298591504342547,0.449233432646459,0.148182928249714,1.35812469879975,36.9352421542176,0.501684229428486
2020-10-29,99674,1748,90624,97680.2857142857,1722.57142857143,89083.7142857143,648.57142857142,7.28571428571445,514.571428571435,NA,125784.492052084,380551.414130006,1757.33893245319,1010.60173160172,142001.870938293,48411.4665177902,572247.299509722,188857.368773429,74.3720902572391,27.6173095748307,2348.42364646005,872.06292888656,1.75371711780404,1.92681367849153,0.459333465885595,0.494172162001325,36.9064508043442,0.51872881565428,0.299976759577089,0.451084621446243,0.148870348140539,1.40536475857467,36.9064508043442,0.51872881565428
2020-10-30,100450,1756,91184,98334.8571428571,1729.71428571429,89595.7142857143,654.571428571435,7.14285714285711,512,NA,126649.180843581,382326.336687736,1774.92255773069,903.090909090912,142834.188104451,48784.9694411753,574619.221071484,189738.1574111,74.3165159694137,27.5966726355439,2371.92156176246,880.788637670863,1.74813339970134,1.92936497313421,0.459293496548789,0.494505982548178,36.8788725863256,0.520449001088159,0.301375875432657,0.452954332916624,0.14956464623428,1.41108218411833,36.8788725863256,0.520449001088159
2020-10-31,101327,1769,91184,99010.2857142857,1738.14285714286,90030.8571428571,675.428571428565,8.42857142857133,435.142857142855,NA,127613.45520283,384159.126198501,1832.78951076465,860.086580086558,143815.524541931,49189.1882961412,577068.47325988,190647.661980352,74.2633510884216,27.5769304046641,2449.25218839559,909.504569251614,1.74583279876045,1.9279922544373,0.460486261905419,0.496243838245636,36.8524900138032,0.533364904838246,0.30282060599471,0.454885001697718,0.150281580197404,1.44713885913582,36.8524900138032,0.533364904838246
2020-11-01,101943,1776,92250,99702.8571428571,1746.71428571429,90550.8571428571,692.571428571435,8.57142857142867,520,NA,128539.382105639,386039.719767976,1880.5935694754,946.095238095266,144714.65246057,49627.5580373846,579581.608504526,191580.888864452,74.212545777539,27.5580643758375,2513.13524464611,933.226884100557,1.74215002501398,1.92594249422706,0.460056286712528,0.496267156398123,36.8272783557712,0.542768472818809,0.304303018998857,0.456866027491017,0.151017213718259,1.47366401645216,36.8272783557712,0.542768472818809
2020-11-02,102431,1787,92673,100406.857142857,1756.14285714286,91071.1428571429,704,9.42857142857133,520.28571428571,NA,129475.232832007,387952.596468371,1912.8767003942,967.597402597399,145619.577688015,50083.0908360765,582137.885380323,192530.135948858,74.1640413297053,27.5400527488018,2556.27687579731,949.247084406146,1.74458904042721,1.92133963933268,0.460623286521989,0.497365445303396,36.8032084794026,0.547749627665276,0.305810879783888,0.458881060480807,0.151765475461207,1.48816391448196,36.8032084794026,0.547749627665276
2020-11-03,103309,1794,93133,101144.428571429,1765.85714285714,91595.1428571429,737.57142857142,9.71428571428578,524,NA,130460.263350351,389957.943004031,2005.34653566044,1010.60173160175,146574.815104622,50570.3916948038,584817.734518541,193525.270319938,74.117772434212,27.5228712710982,2679.84913821809,995.13437107965,1.73653795893872,1.91849239804566,0.46004961103753,0.497315426459416,36.7802479748721,0.569720903967052,0.307391631643585,0.460993501614355,0.152549908714891,1.54882635991268,36.7802479748721,0.569720903967052
2020-11-04,103928,1799,93564,101866,1775.57142857143,92087.4285714286,721.571428571435,9.71428571428578,492.28571428571,NA,131445.96473838,391920.956080371,1963.01307634031,967.59740259737,147546.454471165,51024.5184845667,587441.011247722,194499.397109701,74.0736664009732,27.5064929500121,2623.27672918083,974.126789762842,1.73100608113309,1.91601535402118,0.459021129666534,0.496747546578721,36.7583607704078,0.553152589439761,0.308939013363331,0.463061348489902,0.153317782350254,1.50468274854592,36.7583607704078,0.553152589439761
2020-11-05,104964,1806,94376,102621.714285714,1783.85714285714,92623.4285714286,755.71428571429,8.28571428571422,536,NA,132398.133412937,393978.020858825,2057.06477845309,1096.61038961043,148426.285525784,51496.5194809634,590189.974170472,195520.196172693,74.0316398311959,27.490886816261,2748.96292275039,1020.79906299178,1.72058991654281,1.91610683672812,0.458401206255907,0.496737258089021,36.7375054801424,0.574980841749666,0.310560533093828,0.465228269854915,0.154122446276666,1.56495087737939,36.7375054801424,0.574980841749666
2020-11-06,106136,1810,95010,103434,1791.57142857143,93170,812.28571428571,7.71428571428578,546.571428571435,NA,133527.560304956,396190.270261666,2212.24940284103,1075.10822510821,149550.556493654,52056.6990986997,593146.318398416,196618.004147035,73.991602654597,27.4760194231729,2956.34422794392,1097.80797434214,1.7053591618301,1.91800641119757,0.456851198997032,0.495872784340995,36.7176374075444,0.613577014506881,0.312304380002814,0.467558663406915,0.154987813915711,1.67090679136785,36.7176374075444,0.613577014506881
2020-11-07,107439,1815,95703,104307.142857143,1798.14285714286,93815.5714285714,873.142857142855,6.57142857142844,645.571428571435,NA,134631.580719335,398569.489810244,2379.21954857832,1268.62770562764,150570.716615176,52605.4944063723,596325.793538253,197798.669486931,73.953458921708,27.4618551409013,3179.47513983643,1180.66533989602,1.68933068997291,1.91505709264908,0.455378559172733,0.495293184872816,36.6987089385919,0.653966598544887,0.314179844247603,0.470064944067531,0.155918495420644,1.7818190815024,36.6987089385919,0.653966598544887
2020-11-08,108394,1821,96430,105228.714285714,1804.57142857143,94412.7142857143,921.571428571435,6.42857142857156,597.142857142855,NA,135847.439491683,401081.907024151,2512.41721390706,1290.12987012989,151732.531399713,53209.9323793316,599683.26766345,199045.432916388,73.9171046244392,27.4483553471134,3357.47412519692,1246.76342945764,1.67998228684245,1.90929633240378,0.45402197608738,0.494947085984263,36.680668460248,0.68457693367633,0.316160304039762,0.472711535752765,0.156901279979159,1.86614255027182,36.680668460248,0.68457693367633
2020-11-09,109191,1834,96684,106194.428571429,1811.28571428571,94985.7142857143,965.714285714275,6.71428571428555,573,NA,137055.57880983,403715.903485154,2633.99646100344,1419.14285714284,152837.610080312,53810.8275082076,603203.214475917,200352.528904556,73.882430552668,27.4354794877552,3519.94681246707,1307.09598816713,1.67962561016934,1.90393099657926,0.454279849807165,0.496542812820751,36.6634617780157,0.710945623758678,0.318236600944125,0.47548619956817,0.157931622803881,1.93893714217903,36.6634617780157,0.710945623758678
2020-11-10,110487,1840,98487,107219.857142857,1817.85714285714,95750.5714285714,1025.42857142858,6.57142857142867,764.857142857145,NA,138384.981886379,406514.025176423,2798.12169126817,1462.14718614717,154089.186362087,54472.1145343793,606942.490391391,201741.070495711,73.8493234887665,27.423185520627,3739.27591547405,1388.5415911556,1.66535429507544,1.89620847713225,0.452628909716328,0.496189037097197,36.6470327087112,0.748250226904131,0.320442272626539,0.478433753645331,0.159026166646282,2.04159634767635,36.6470327087112,0.748250226904131
2020-11-11,112011,1847,98487,108374.571428571,1824.71428571429,96453.8571428571,1154.71428571429,6.85714285714289,703.28571428571,NA,140068.236841746,409666.284460794,3152.25928437151,1462.14718614722,155813.729460653,55308.853298482,611155.018837942,203305.349539084,73.8176663944119,27.4114299847532,4212.52844655165,1564.27904337234,1.64894519288284,1.88895773839717,0.450854773765685,0.496050886438755,36.6313231731668,0.834492931925757,0.322927099880786,0.481754357868842,0.160259238817562,2.27789117099402,36.6313231731668,0.834492931925757
2020-11-12,113655,1854,99282,109616.142857143,1831.57142857143,97154.7142857143,1241.57142857142,6.85714285714289,700.857142857145,NA,142205.018215428,413057.048518458,3390.76405766403,1247.12554112554,158221.870718738,56369.9306289233,615686.273649141,204987.984334616,73.7873382785052,27.4001679513355,4531.25481119868,1682.63479553256,1.63125247459417,1.886370491345,0.448848411290856,0.49587722879491,36.6162731306868,0.886477881741548,0.325599932977029,0.485326204101995,0.161585607120961,2.42079441714899,36.6162731306868,0.886477881741548
2020-11-13,115360,1864,100197,110933.857142857,1839.28571428571,97895.7142857143,1317.71428571429,7.71428571428555,741,NA,144636.320188267,416657.181660129,3600.13314167049,1161.11688311689,161054.894375778,57576.4413823624,620497.319284203,206774.516570332,73.7582149020697,27.3893532855099,4811.04563506215,1786.53223571618,1.61581137309293,1.88638884371323,0.447370183941887,0.496452261035738,36.6018209288466,0.926703550004795,0.328437805164032,0.489118600677587,0.16299387452203,2.53164985796536,36.6018209288466,0.926703550004795
2020-11-14,117113,1865,101162,112315.857142857,1846.42857142857,98675.5714285714,1382,7.14285714285711,779.857142857145,NA,147417.282390208,420434.386286312,3777.20462618372,989.099567099591,164417.016754889,58915.7008209197,625544.994776867,208648.918866032,73.7301700478213,27.3789391177881,5047.6754926641,1874.40229570016,1.59247905868691,1.88130802215941,0.443588835935496,0.494554658215969,36.5879039335053,0.9555727213282,0.331415257255788,0.493097525157865,0.164471407138992,2.61151875356556,36.5879039335053,0.9555727213282
2020-11-15,118611,1874,101162,113775.428571429,1854,99351.5714285714,1459.57142857142,7.57142857142867,676,NA,150432.798398939,424425.071126212,3990.68483989948,967.59740259737,168100.482482915,60349.0406662833,630877.955010388,210629.258711396,73.7030783877104,27.36887890889,5332.96023352037,1980.33984536363,1.57995464164369,1.87505688886192,0.441538478164672,0.494727906982878,36.5744599517962,0.990167179132662,0.334560989113081,0.497301330663258,0.166032447008024,2.70706716010154,36.5744599517962,0.990167179132662
2020-11-16,119557,1883,102810,115256.285714286,1861,100226.714285714,1480.85714285714,7,875.142857142855,NA,153465.523207194,428475.397666069,4050.32653985696,1010.6017316017,171791.247594024,61825.54857328,636290.617557394,212639.195189821,73.6768131108976,27.3591255689166,5412.66254700616,2009.93647842528,1.57498097141949,1.86708670265064,0.439465138548634,0.494808304498041,36.5614260550319,0.984465914049272,0.337753734654266,0.501567963005821,0.167616816975831,2.69244910881451,36.5614260550319,0.984465914049272
2020-11-17,121247,1895,103778,116793.428571429,1868.85714285714,100982.571428571,1537.14285714286,7.85714285714289,755.857142857145,NA,156674.300898429,432681.13206726,4205.73440119135,989.099567099591,175725.322370128,63365.0333137209,641910.959732765,214726.251358834,73.6512452307572,27.3496312000134,5620.34217537125,2087.05616901227,1.56292526825406,1.86048496053474,0.437966867412518,0.495649872414553,36.5487382348119,1.00168689944283,0.341068983344632,0.505998302694183,0.169261977980072,2.74050764842679,36.5487382348119,1.00168689944283
2020-11-18,123477,1908,104837,118431.428571429,1877.57142857143,101889.714285714,1638,8.71428571428578,907.142857142855,NA,160116.691372715,437164.340723364,4483.20865610387,1032.10389610392,179956.36895928,65026.6406167499,647902.105223016,216951.001519006,73.6262448397119,27.3403475623396,5991.14549025078,2224.75016017185,1.54522704633252,1.85298235275043,0.436449138747887,0.496669184689395,36.5363320257217,1.04554626773948,0.344602956298695,0.510720935020826,0.171015678844495,2.86148310884139,36.5363320257217,1.04554626773948
2020-11-19,125859,1920,106074,120174.857142857,1887,102860,1743.42857142858,9.42857142857133,970.28571428571,NA,163848.518030453,441937.699848635,4773.35912527057,1032.10389610392,184574.444463667,66821.8037916961,654280.993914216,219319.736122523,73.6016845804286,27.3312273630616,6378.88869120029,2368.73460351772,1.52551664958406,1.85103440157735,0.434450376299105,0.497358147797327,36.5241442278819,1.08891301564933,0.34836564577909,0.515749213167325,0.172882878135518,2.98117521936504,36.5241442278819,1.08891301564933
2020-11-20,128285,1930,107521,122021.285714286,1896.42857142857,103906.285714286,1846.42857142857,9.42857142857133,1046.28571428571,NA,167735.002980554,446994.730253281,5057.03040464636,1161.11688311683,189352.681612926,68744.5933158064,661038.967327211,221829.239932348,73.5774364717022,27.3222230776774,6757.97341299499,2509.5038098245,1.50446271972561,1.85142053814624,0.431772428034309,0.497483459981779,36.5121113318222,1.126974577755,0.352351944443455,0.521076311925775,0.174861041382496,3.08640594705072,36.5121113318222,1.126974577755
2020-11-21,130871,1932,108981,123986.714285714,1906,105023.285714286,1965.42857142858,9.57142857142867,1117,NA,172035.034081825,452379.441008231,5384.71075495059,1075.10822510824,194714.620960984,70806.9911340525,668234.8370782,224501.352036308,73.5533725742846,27.313287197265,7195.86975098844,2672.11210396045,1.47626288482552,1.84495058513779,0.427075111038224,0.495438042655802,36.5001698488931,1.17180725647323,0.356596543263887,0.526748590651043,0.176967383654289,3.21024870138457,36.5001698488931,1.17180725647323
2020-11-22,133034,1943,110273,126047.142857143,1915.85714285714,106324.857142857,2060.42857142857,9.85714285714289,1301.57142857143,NA,176532.388446021,458026.2672339,5646.82622566848,1139.61471861473,200317.091627018,72983.7470054369,675780.985399912,227303.536479121,73.5293701566713,27.3043741467446,7546.14832171216,2802.18444281293,1.46052888735211,1.84344656190549,0.42421147846697,0.495763232319108,36.4882588747392,1.19773778102224,0.361047759499526,0.532696983001681,0.179176257876486,3.28236992878015,36.4882588747392,1.19773778102224
2020-11-23,134554,1949,111343,128189.571428571,1925.28571428571,107543.857142857,2142.42857142858,9.42857142857133,1219,NA,181342.832035309,463899.745455222,5873.47822132253,1053.60606060608,206368.826462292,75247.4053709052,683630.020601486,230218.194844589,73.505306721748,27.2954384380747,7849.03520157456,2914.65836546835,1.44848908245017,1.83423432251602,0.420133880023464,0.494697647282814,36.4763176213186,1.21367253326938,0.365677638403818,0.538884131592254,0.181473791768841,3.32713915731021,36.4763176213186,1.21367253326938
2020-11-24,135786,1963,112385,130266.571428571,1935,108773.428571429,2077,9.71428571428578,1229.57142857142,NA,185846.483206977,469595.729960224,5695.98450500146,1182.61904761899,211964.158398375,77417.5555763946,691241.861695078,233044.773621507,73.4810583367038,27.2864340500826,7611.84109359176,2826.57877691797,1.44565713696552,1.82313258460843,0.418019133216197,0.495469007531035,36.4642845881387,1.14539208649267,0.370167604571249,0.54488430749724,0.183701895280499,3.1410033917924,36.4642845881387,1.14539208649267
2020-11-25,137735,1983,114569,132303.428571429,1945.71428571429,110163.714285714,2036.85714285714,10.7142857142858,1390.28571428572,NA,190111.900630952,475183.493704545,5587.76374432101,1311.63203463209,217194.946212199,79513.0022465088,698709.081743335,235817.64886305,73.4565014805317,27.2773151145149,7467.22004825645,2772.87524154276,1.43972120376085,1.81099441144676,0.417312475343045,0.497529301839961,36.4520984790608,1.09603128943632,0.374572263702882,0.550770483162218,0.185887665977399,3.00665562667544,36.4520984790608,1.09603128943632
2020-11-26,140225,1996,116222,134355.714285714,1956.57142857143,111613.428571429,2052.28571428571,10.8571428571429,1449.71428571428,NA,194313.905448518,480815.498522111,5632.00481756608,1419.14285714284,222302.276924436,81597.487988416,706235.423444583,238612.478321391,73.4315186266816,27.2680379890979,7526.34170124831,2794.82945834109,1.42342663576395,1.80505510320814,0.415128049352638,0.497653961708079,36.439700972639,1.07955311647537,0.379011796686772,0.556703262574356,0.188090742495721,2.96246831412149,36.439700972639,1.07955311647537
2020-11-27,142778,2028,117709,136426.142857143,1970.57142857143,113068.857142857,2070.42857142858,14,1455.42857142858,NA,198564.531883821,486499.267814557,5683.76929244562,1419.14285714284,227475.640346411,83704.518507331,713830.940712712,241432.995413883,73.4059927146001,27.258559204601,7595.51726812881,2820.51709249182,1.42038689433946,1.80470132938743,0.416855714729057,0.50233344351632,36.4270339786737,1.0655423173396,0.383492133984768,0.562690570919048,0.190314067771418,2.92504506011871,36.4270339786737,1.0655423173396
2020-11-28,145457,2042,120103,138509.857142857,1986.28571428571,114657.714285714,2083.71428571426,15.7142857142856,1588.85714285714,NA,202830.455311939,492221.550550034,5722.28273547738,1440.64502164506,232662.269825273,85800.4332482446,721477.925502929,244272.624440511,73.3798065231331,27.2488352321561,7646.98479021701,2839.62902662787,1.40385131000914,1.79775513344168,0.414853839235231,0.502319692196055,36.4140393272691,1.04942090002935,0.388002830223531,0.568718449499263,0.192552458386142,2.88182520875655,36.4140393272691,1.04942090002935
2020-11-29,147515,2057,121735,140578.571428571,2002.57142857143,116295.142857143,2068.71428571429,16.2857142857144,1637.42857142857,NA,207013.698104604,497904.728407635,5683.17785760079,1483.64935064933,237723.095629279,87873.0897146372,729072.652405836,247092.84803902,73.3528464483545,27.2388238861156,7594.72690290702,2820.22359850863,1.39443446429177,1.78783461318212,0.413131244320286,0.502116009548464,36.4006606435443,1.0199514603076,0.392482701311964,0.574705134823808,0.194775552309726,2.80193516740889,36.4006606435443,1.0199514603076
2020-11-30,148962,2076,127289,142636.857142857,2020.71428571429,118573.142857143,2058.28571428571,18.1428571428571,2278,NA,211233.088355435,503561.404372751,5656.67596511578,1419.14285714284,242856.109968102,89915.7334266496,736631.963447956,249899.920322461,73.3249986624023,27.2284828976755,7559.31104211987,2807.07228344091,1.39364401659484,1.77793698976225,0.412263525753313,0.502594013937334,36.3868414414929,0.994300685252027,0.396941681788682,0.580663902934641,0.196988279463586,2.7325128805039,36.3868414414929,0.994300685252027
2020-12-01,150976,2109,127289,144806.857142857,2041.57142857143,120702.285714286,2170,20.8571428571429,2129.14285714286,NA,215716.125792148,509527.446138468,5966.04176571761,1462.14718614722,248326.857312507,92052.8970096373,744604.696140346,252860.512476877,73.2961477575709,27.2177694113732,7972.73269239045,2960.59215441626,1.39691076727427,1.76973944917773,0.413912933637507,0.506171522496481,36.3725244511254,1.02732535835928,0.401644525635611,0.586948558382592,0.199322021522964,2.82438788930585,36.3725244511254,1.02732535835928
2020-12-02,153432,2141,127289,147049.285714286,2064.14285714286,122519.428571429,2242.42857142858,22.5714285714287,1817.14285714286,NA,220248.585574871,515695.139687425,6167.69354895689,1612.66233766236,253809.957907241,94228.5569662625,752846.90662519,255921.172433502,73.2661779880031,27.206640446177,8242.21048484393,3060.65995662526,1.39540643412065,1.7625223990017,0.415167767781893,0.509235226669114,36.3576522346482,1.03954977979899,0.406506325266839,0.593445634733361,0.201734643896356,2.85917129575178,36.3576522346482,1.03954977979899
2020-12-03,155938,2174,129085,149294,2089.57142857143,124357,2244.71428571429,25.4285714285711,1837.57142857143,NA,224765.603138789,521871.750324937,6176.61063751159,1634.16450216447,259265.63055002,96357.4990871329,761101.033480424,258986.257411515,73.2349772295475,27.1950543659384,8254.12685523357,3065.08497801324,1.39414382639254,1.76170121537752,0.416577444294769,0.512222332726785,36.3421691515048,1.01919272267519,0.411375153959661,0.599952104385647,0.2041507543755,2.80438152253737,36.3421691515048,1.01919272267519
2020-12-04,158387,2210,131020,151523.857142857,2115.57142857143,126258.571428571,2229.85714285713,26,1901.57142857143,NA,228770.848201544,528010.207508904,6138.457183967,2107.21212121216,263867.027366145,98339.0191934624,769304.173886291,262032.409096792,73.202432880635,27.1829693572245,8203.14040586783,3046.15168527688,1.39531653481662,1.76950862648898,0.418552514434625,0.515782239082571,36.3260193242249,0.992098285919481,0.416213907480152,0.606418383016968,0.206551940333037,2.73104830020481,36.3260193242249,0.992098285919481
2020-12-05,160870,2229,133287,153725.714285714,2142.28571428571,128142,2201.85714285716,26.7142857142858,1883.42857142857,NA,232443.089993561,534074.401681873,6064.19417296897,2365.23809523799,267930.622208896,100155.793315817,777408.072758347,265041.708460822,73.1684314686684,27.1703432831554,8103.89887205523,3009.29936402975,1.38559084975446,1.76687729534398,0.417357580325995,0.515159972275727,36.3091464430986,0.962487655652914,0.420994121795246,0.612806432655772,0.208924076760076,2.65077225557449,36.3091464430986,0.962487655652914
2020-12-06,162917,2259,135121,155926,2171.14285714286,130054.285714286,2200.28571428571,28.8571428571431,1912.28571428571,NA,236025.799699561,540137.215283976,6062.8136021035,2451.24675324681,271844.280547722,101927.34636004,785510.126701568,268050.322729535,73.1328617685164,27.1571348414243,8102.05394322192,3008.61426871293,1.38659562844884,1.75833787437568,0.418227060842741,0.516739310498677,36.2914953136999,0.946604165750492,0.42577324784957,0.619193027994967,0.211295673147936,2.60830020899802,36.2914953136999,0.946604165750492
2020-12-07,164434,2299,136747,158136.285714286,2203,131405.428571429,2210.28571428571,31.8571428571427,1351.14285714287,NA,239356.63964713,546230.687266178,6093.47198220179,2730.77489177493,275321.575945128,103573.335678812,793653.151036703,271074.150931229,73.09561148505,27.1433023323919,8143.02433513419,3023.82820169418,1.39812934064731,1.75037144741338,0.420884445637105,0.520209070370647,36.2730102106263,0.936470733660803,0.430576540944601,0.625611919010772,0.213679262202613,2.58169742034906,36.2730102106263,0.936470733660803
2020-12-08,166592,2334,138838,160367.142857143,2235.14285714286,133055.285714286,2230.85714285716,32.1428571428573,1649.85714285713,NA,242338.65252162,552384.159015127,6153.47174894868,3139.31601731601,278185.510034798,105047.446256701,801876.356188644,274127.753453264,73.0565660317401,27.128803205531,8223.20515194105,3053.60252203466,1.40102766039186,1.74232595949866,0.422532029912191,0.522153806752371,36.2536342713898,0.932032132329081,0.435427129976358,0.632094014052926,0.21608632142138,2.57083812591135,36.2536342713898,0.932032132329081
2020-12-09,169429,2376,140466,162652.428571429,2268.71428571429,134937.714285714,2285.28571428571,33.5714285714284,1882.42857142858,NA,245214.879468373,558691.299381793,6307.14036666648,3397.34199134202,280815.524785626,106469.205493435,810304.916727017,277257.612582587,73.0156093248797,27.1135943543529,8428.56053837377,3129.85912932322,1.4023573296189,1.73355004983097,0.425279577940288,0.525222807363778,36.2333098905418,0.943021912303389,0.440398851166032,0.638737984313767,0.218553491335053,2.6026142759475,36.2333098905418,0.943021912303389
2020-12-10,172406,2395,142850,165005,2300.28571428571,136904.142857143,2352.57142857142,31.5714285714284,1966.42857142858,NA,247852.588844032,565187.965467409,6496.66608561587,3827.38528138521,282971.069047177,107775.049458585,818986.750365858,280481.522068682,72.9726265181509,27.0976331318604,8681.83363884047,3223.90948609513,1.38916279015812,1.72909610647332,0.423752830267598,0.522895775053213,36.2119800766764,0.959399188297593,0.445519969543355,0.645581601826319,0.221094798198987,2.6493767832118,36.2119800766764,0.959399188297593
2020-12-11,175310,2446,144858,167422.571428571,2334,138881,2417.57142857142,33.7142857142858,1976.85714285713,NA,250585.776336511,571868.261184996,6680.295717587,3913.39393939392,285223.915585641,109127.481919944,827913.977856703,283796.5560338,72.9275010153663,27.0808762412606,8927.22749084467,3315.03396511835,1.39524271290856,1.734619557947,0.427720887137804,0.527269097248534,36.1895869700314,0.975413124888856,0.450785837407648,0.652618655625826,0.223707935635403,2.69526969588796,36.1895869700314,0.975413124888856
2020-12-12,178272,2462,147368,169908.571428571,2367.28571428571,140892.571428571,2486,33.2857142857142,2011.57142857142,NA,253405.431630691,578742.106955366,6873.8457703701,4020.90476190473,287553.405825702,110523.398940257,837099.856375152,287207.637393533,72.8801144806166,27.0632797397324,9185.87851844961,3411.08135973249,1.38103572069646,1.74339454309407,0.425405369751311,0.524280746805031,36.166071847524,0.992080354908807,0.456204274715895,0.659859595928551,0.226396784224458,2.7431109103093,36.166071847524,0.992080354908807
2020-12-13,180639,2481,149130,172440.285714286,2399,142893.857142857,2531.71428571429,31.7142857142858,2001.28571428571,NA,256035.310121375,585747.136961202,7005.03000583628,4343.43722943735,289512.468136078,111827.012111789,846461.043227653,290683.817697181,72.8303501132366,27.0448002545523,9361.18685250101,3476.18030364811,1.37345755899889,1.74175046284532,0.423561609344124,0.522114095474582,36.1413767479219,0.99908013812496,0.461726120447818,0.667238726299749,0.229136948271879,2.76435669147191,36.1413767479219,0.99908013812496
2020-12-14,182311,2530,150791,174994.142857143,2432,144900.142857143,2553.85714285716,33,2006.28571428574,NA,258278.698989886,592818.508513695,7071.37155249307,4794.98268398264,290792.669630911,112939.697028279,855910.885748127,294192.919369847,72.7780891260723,27.025393675334,9449.84252047387,3509.10167266574,1.38773853470169,1.73435550008914,0.42677479931306,0.526189361153393,36.1154427242163,0.997465116798283,0.467300261142925,0.674687741157009,0.231903063203285,2.76187356702513,36.1154427242163,0.997465116798283
2020-12-15,184752,2581,153363,177588.428571429,2467.28571428571,146975.142857143,2594.28571428571,35.2857142857142,2075,NA,260594.161232948,600007.243484031,7188.73497033515,4837.98701298703,292154.4499073,114087.140160711,865517.567123417,297760.261535577,72.7232094304778,27.0050146657168,9606.68137528992,3567.3421657302,1.39700788083485,1.72805734376845,0.430161473553726,0.530524950550146,36.0882091910642,1.0044530498156,0.47296691574409,0.682260387170786,0.234715087291081,2.78332475672593,36.0882091910642,1.0044530498156
2020-12-16,187751,2623,155391,180205.857142857,2502.57142857143,149107.285714286,2617.42857142855,35.2857142857142,2132.14285714284,NA,262764.481819041,607265.858442417,7258.61495838687,5053.00865800865,293244.742660527,115163.27776627,875217.632770417,301362.280988611,72.665586778655,26.9836170875607,9700.06564700021,3602.01945303415,1.39706313148798,1.72048882389395,0.4319360233305,0.532890117685608,36.0596144916634,1.00440773235161,0.478688654550954,0.689906645080836,0.237554446398247,2.7854096669105,36.0596144916634,1.00440773235161
2020-12-17,190950,2661,158131,182855,2540.57142857143,151290.285714286,2649.14285714287,38,2183,NA,265327.188527031,614618.543505386,7352.68506296817,4751.97835497832,294968.852426608,116431.758431244,885043.409203165,305010.981846926,72.6050986368407,26.961155439215,9825.77643274784,3648.70085831505,1.39355852317361,1.72224616382838,0.432951466908789,0.534439592190705,36.0295978197856,1.00818002047719,0.48448454587466,0.697651996865596,0.240430602994973,2.79820355173869,36.0295978197856,1.00818002047719
2020-12-18,193753,2709,160630,185489.714285714,2578.14285714286,153543.428571429,2634.71428571429,37.5714285714289,2253.14285714287,NA,267534.143924061,621937.581153498,7319.03764811263,5074.51082251081,296101.118276898,117524.996232993,894824.220841001,308642.985491854,72.5416200887783,26.9375833343147,9780.81163783546,3632.0036449281,1.39817189927382,1.73073861598452,0.435574257303387,0.537968155715667,35.9980971869125,0.993003172657483,0.490253913995188,0.705361904310978,0.243293597701401,2.75849515790086,35.9980971869125,0.993003172657483
2020-12-19,196815,2749,163152,188138.714285714,2619.14285714286,155798.285714286,2649,41,2254.85714285713,NA,269848.623727782,629303.065286223,7365.48413272516,5010.00432900432,297401.485953417,118669.648939028,904667.101338033,312298.037768244,72.4750236025742,26.9128534152048,9842.88049703208,3655.05227638991,1.39674313441557,1.73480742445346,0.436832450315443,0.539519513783549,35.9650493065406,0.990150306030421,0.496059894424672,0.713120738693855,0.246174760922047,2.75310060416656,35.9650493065406,0.990150306030421
2020-12-20,199270,2784,165177,190800.285714286,2662.42857142857,158090.714285714,2661.57142857142,43.2857142857142,2292.42857142858,NA,272439.434539702,636710.64233191,7407.57704568654,4773.48051948054,299157.177844406,119949.485238821,914566.23278946,315973.978257081,72.4051827458594,26.8869187325276,9899.1314514277,3675.9404888369,1.39709941285693,1.73524986406263,0.43724728548651,0.539853837227833,35.9303914377949,0.986315460546191,0.501899055378949,0.720923913942108,0.249072389666275,2.74508609432789,35.9303914377949,0.986315460546191
2020-12-21,201074,2833,167357,193480.714285714,2705.71428571429,160457.285714286,2680.42857142858,43.2857142857142,2366.57142857142,NA,274896.759380581,644178.252887075,7467.61055516463,4967,300664.711028987,121163.728070707,924545.590149866,319679.709810772,72.3319682657268,26.8597312895474,9979.3573604055,3705.73155369074,1.40893402428956,1.73512183413554,0.439785104092396,0.542853679708869,35.8940594401351,0.983856478456244,0.507785538868291,0.728790328761456,0.251993501773768,2.74101675764431,35.8940594401351,0.983856478456244
2020-12-22,203732,2877,169186,196192.142857143,2748,162717.714285714,2711.42857142858,42.2857142857142,2260.42857142858,NA,277105.435772692,651740.249625506,7561.99673843151,5311.0346320346,301715.582519949,122256.236656266,934651.080688447,323432.27962082,72.2552466357288,26.8312415025936,10105.4905385816,3752.56981004868,1.41214929417077,1.7349908767765,0.44143353148024,0.544875829877112,35.8559870523166,0.986337634959231,0.513746424029401,0.736756170414234,0.254951535011612,2.75084972099009,35.8559870523166,0.986337634959231
2020-12-23,207007,2941,171959,198943,2793.42857142857,165084.571428571,2750.85714285713,45.4285714285716,2366.85714285713,NA,279429.475605216,659420.752661493,7680.5030359868,5311.03463203466,302921.677298338,123404.410021063,944914.937371598,327243.65706725,72.1748811688576,26.8013986143538,10263.8566831504,3811.37744642951,1.4207249030226,1.73645090534504,0.445997489179679,0.550672339048341,35.8161064446963,0.992703689732943,0.519800723992849,0.744846847138203,0.257955924467157,2.77168977741998,35.8161064446963,0.992703689732943
2020-12-24,210769,2967,174723,201774.285714286,2837.14285714286,167454.857142857,2831.28571428571,43.7142857142858,2370.28571428571,NA,281580.475286603,667335.04238617,7914.28972467745,5719.57575757575,303748.651294368,124468.944771655,955491.215396932,331171.048960699,72.0907358139731,26.7701521036387,10576.2780253344,3927.39189344901,1.40770227120687,1.74146519831746,0.444604255965787,0.549304864772205,35.7743501031746,1.0132292714324,0.526039310679987,0.753183795820103,0.261051764477316,2.83230310887422,35.7743501031746,1.0132292714324
2020-12-25,214575,3016,177637,204748.857142857,2881,169884.428571429,2974.57142857142,43.8571428571427,2429.57142857145,NA,284206.534636304,675660.028142798,8324.98575662763,5655.06926406932,305233.778493691,125768.935555288,966616.32794424,335302.244900078,72.0026711930417,26.7374502138512,11125.1125473081,4131.1959393791,1.40556914831644,1.75207073962806,0.446378337385171,0.552147667699655,35.7306488627124,1.05637403230506,0.532601636184696,0.761953373564286,0.264308256833036,2.95652095485461,35.7306488627124,1.05637403230506
2020-12-26,218467,3062,180032,207842,2925.71428571429,172295.857142857,3093.14285714287,44.7142857142858,2411.42857142855,NA,286658.623332404,684327.952336734,8667.92419393559,6171.12121212122,306300.642757707,126983.890418444,978199.727006791,339603.620815866,71.9105448512406,26.7032400458606,11583.3990625507,4301.37591578759,1.40158467869289,1.75621535590802,0.447446285007703,0.554324368290972,35.6849320314427,1.08833196314281,0.539434289317522,0.771084204213322,0.267698896733536,3.04986801412846,35.6849320314427,1.08833196314281
2020-12-27,221412,3100,182440,211005.142857143,2970.85714285714,174762,3163.14285714287,45.1428571428569,2466.14285714287,NA,288974.299955635,693203.927661263,8875.97532452946,6515.15584415582,307061.313152497,128132.087625675,990061.15564334,344008.240149843,71.8142163328968,26.6674694428994,11861.4286365485,4404.619333977,1.4001047820353,1.75345256293618,0.447198851059428,0.554868136201554,35.6371299095578,1.10344038422423,0.546430942639717,0.780434196866696,0.271170920186656,3.09635734008149,35.6371299095578,1.10344038422423
2020-12-28,223786,3152,184506,214249.714285714,3016.42857142857,177211.857142857,3244.57142857142,45.5714285714289,2449.85714285713,NA,291530.822845263,702321.177823618,9117.25016235502,6515.15584415587,308143.983122178,129399.586632128,1002245.01242621,348532.58985447,71.7135420644659,26.630085090411,12183.8567828676,4524.3497046273,1.40848846666011,1.74960765369452,0.448797515941004,0.557690572444037,35.5871712500357,1.12277522436238,0.55361778535901,0.790038349528253,0.274737323340591,3.15503841128943,35.5871712500357,1.12277522436238
2020-12-29,227415,3196,186790,217633,3062,179726.714285714,3383.28571428571,45.5714285714284,2514.85714285716,NA,294641.610851641,711842.177951208,9521.00012758968,6364.64069264068,310021.61547911,130941.630734112,1014968.42133992,353257.296684702,71.6083735108539,26.5910318314183,12723.4089137084,4724.70683023252,1.40536024448695,1.74662027265986,0.448975924579039,0.558869973545553,35.534982343732,1.16050906032942,0.561122891529057,0.80006781423392,0.278461661740765,3.26586397783509,35.534982343732,1.16050906032942
2020-12-30,231271,3243,189310,221099.285714286,3105.14285714286,182205.428571429,3466.28571428571,43.1428571428573,2478.71428571429,NA,297530.334447801,721611.7327162,9769.55476499186,6837.68831168831,311431.114980828,132376.284119102,1028023.9867757,358105.346417706,71.4985593214666,26.5502534634374,13055.5654357844,4848.04973300349,1.40225103882458,1.74180065133215,0.449410652982749,0.560353214501828,35.4804880843368,1.17642506412833,0.568823925534181,0.810359107521653,0.282283227487668,3.31574170286188,35.4804880843368,1.17642506412833
2020-12-31,235811,3292,191295,224676.714285714,3151.57142857143,184572.857142857,3577.42857142858,46.4285714285711,2367.42857142855,NA,301003.236910348,731710.726087837,10098.9933716379,6579.66233766236,313715.420909729,134098.311979142,1041519.79819911,363116.87696303,71.3839522492079,26.507695307776,13495.8114234064,5011.53054532409,1.39603326392747,1.74467940398886,0.449904570567251,0.562017258347786,35.4236154018626,1.20235682574301,0.576784645673772,0.820997432931406,0.286233660038142,3.39427352521249,35.4236154018626,1.20235682574301
2021-01-01,239068,3540,193558,228175.714285714,3226.42857142857,186847.285714286,3499,74.8571428571431,2274.42857142858,NA,304221.376886625,741604.887709136,9894.16162129818,6601.16450216447,315661.083739415,135679.667155339,1054741.88227421,368026.761677358,71.2644023960269,26.463301701337,13222.084075107,4909.88471432839,1.48075024679171,1.76973883716757,0.477343132262152,0.597147347655428,35.3642899108103,1.16242813395527,0.584583903360606,0.831419987646579,0.290103968363939,3.28706153556916,35.3642899108103,1.16242813395527
2021-01-02,242097,3571,196264,231551.428571429,3299.14285714286,189166.142857143,3375.71428571429,72.7142857142858,2318.85714285716,NA,306980.755283585,751167.157880988,9562.27017185208,6730.17748917756,316946.442499969,137034.877487665,1067520.44249997,372771.94837918,71.139756933454,26.4170158928426,12778.5602257554,4745.18670182134,1.47502860423714,1.78571428571429,0.475393520940618,0.595159481619665,35.3024357714885,1.10960651692779,0.592121541413825,0.841492926404003,0.293844450405386,3.14319469253329,35.3024357714885,1.10960651692779
2021-01-03,245293,3631,198330,234963,3375,191436.142857143,3411.57142857142,75.8571428571427,2270,NA,309791.732624086,760848.67634703,9681.51846604224,6794.68398268387,318278.554578279,138414.325963832,1080458.36043909,377576.310926238,71.0098664527339,26.3687824008907,12937.9179391165,4804.36254705855,1.48027053360675,1.7975936213389,0.47723024470951,0.597925924785759,35.2379788412063,1.11131223212107,0.599753179162088,0.851691481855238,0.297631578912043,3.15378677633996,35.2379788412063,1.11131223212107
2021-01-04,248625,3679,200520,238511.428571429,3450.28571428571,193723.857142857,3548.42857142858,75.2857142857142,2287.71428571426,NA,312946.37629629,770937.79620971,10089.1198626804,6859.19047619053,320046.475546146,139964.819386559,1093940.97737765,382582.941835538,70.8745788477671,26.3185447424481,13482.6169385631,5006.63090930006,1.4797385620915,1.80690532300902,0.477211004323264,0.598582655677352,35.1708436387416,1.14540419478517,0.607706116323839,0.862319406465886,0.301578149232912,3.25674277270755,35.1708436387416,1.14540419478517
2021-01-05,253571,3755,203265,242248,3530.14285714286,196077.428571429,3736.57142857142,79.8571428571431,2353.57142857145,NA,316652.542512385,781583.010044853,10645.2138351422,6859.19047619047,322552.962456649,141786.697788101,1108166.73168742,387865.529152226,70.7337371739792,26.2662446377638,14225.7543097702,5282.58731668722,1.4808475732635,1.82198100527107,0.480435213117608,0.603758337458183,35.1009522818242,1.1939761513713,0.616097404945303,0.873533122988634,0.305742247345819,3.40160955404819,35.1009522818242,1.1939761513713
2021-01-06,259521,3820,206883,246283.714285714,3612.57142857143,198587.857142857,4035.71428571429,82.4285714285711,2510.42857142855,NA,321597.781017175,793104.330800725,11521.3207558725,6493.65367965371,326847.94734993,144220.9353705,1123563.27335726,393582.876294238,70.5871829271875,26.2118232279426,15396.5416698372,5717.34714201192,1.47194254029539,1.8355163115471,0.48165163795579,0.607020720336483,35.0282261142434,1.27446967794282,0.625179301209691,0.885669734514228,0.310249053010854,3.63847410302158,35.0282261142434,1.27446967794282
2021-01-07,267084,3884,210295,250751.285714286,3697.14285714286,201302.142857143,4467.57142857142,84.5714285714289,2714.28571428574,NA,327306.809492891,805886.134168215,12781.8033674902,6988.20346320345,331986.032895748,147034.772272519,1140644.26366498,399925.726085624,70.4347663196859,26.1552248908627,17080.9903077232,6342.84979138605,1.45422413922212,1.85534343209859,0.481953943035491,0.610010221562359,34.9525908052576,1.38915385919034,0.635254796434159,0.899134144138332,0.315248922821492,3.97446876874053,34.9525908052576,1.38915385919034
2021-01-08,274947,3962,213581,255876.857142857,3757.42857142857,204162.571428571,5125.57142857142,60.2857142857142,2860.42857142855,NA,330676.801997263,820583.546586008,14697.4124177922,11267.1341991342,332447.383695353,148714.439874045,1160285.18223015,407219.178864378,70.2763366550104,26.0963936669446,19640.9185651725,7293.45277875406,1.44100499368969,1.86867947692321,0.482827131555791,0.615047152281706,34.873971573163,1.56595386791317,0.646840306269503,0.914616465022009,0.320998123190911,4.49040838489231,34.873971573163,1.56595386791317
2021-01-09,282737,4021,217213,261682.571428571,3821.71428571429,207155.285714286,5805.71428571429,64.2857142857142,2992.71428571429,NA,336354.69782389,837270.329858522,16686.7832725145,10944.6017316018,336354.69782389,151536.288286399,1182584.6007981,415499.838232693,70.1117390232101,26.0352720319739,22299.4185679501,8280.65936831548,1.4221697195627,1.87585371258039,0.480251103688273,0.616963583622538,34.7922915453524,1.75567204318433,0.659993974835675,0.932194398184495,0.327525507592169,5.04625155793438,34.7922915453524,1.75567204318433
2021-01-10,288818,4066,220380,267900.428571429,3883.85714285714,210305.285714286,6217.85714285716,62.1428571428569,3150,NA,342789.943594265,855185.367836689,17915.0379781673,11417.6493506493,342789.943594265,154736.627218636,1206525.40017277,424390.007454941,69.9408187562555,25.9718025515711,23940.7993746705,8890.16922224837,1.40780699263896,1.87619604305997,0.475452475325381,0.616601765047458,34.7074739692696,1.8485640422277,0.674115838113143,0.951066180423217,0.334533349519333,5.32623391142506,34.7074739692696,1.8485640422277
2021-01-11,293746,4114,222807,274346.285714286,3946,213489.142857143,6445.85714285716,62.1428571428573,3183.85714285716,NA,350015.338911316,873804.546703524,18619.1788668347,11331.6406926407,350015.338911316,158328.782574681,1231407.17973223,433629.599975326,69.7634352233223,25.9059330039283,24881.7795594537,9239.59252038423,1.40052970934072,1.87219183086697,0.470814670800271,0.616481937662031,34.61944905819,1.88037162042802,0.688792753597029,0.97067970786686,0.341816630887277,5.43165842953458,34.61944905819,1.88037162042802
2021-01-12,298321,4178,225240,280739.142857143,4006.42857142857,216628.428571429,6392.8571428571,60.4285714285716,3139.28571428571,NA,356450.115226506,892319.461546853,18514.9148433285,12019.70995671,356450.115226506,161531.76716933,1256149.62584054,442817.45245397,69.5794491445784,25.8376116689146,24742.4461083158,9187.85247864411,1.40050482533915,1.86714601954029,0.468217962293163,0.618358320157574,34.5281476958058,1.82641251848271,0.703387481017093,0.990183403115376,0.349059127200993,5.28974384406041,34.5281476958058,1.82641251848271
2021-01-13,304140,4275,228917,287113.285714286,4071.42857142857,219776.142857143,6374.1428571429,65,3147.71428571429,NA,362489.823103637,910830.918341732,18511.4567948794,12406.7489177488,362489.823103637,164537.695245843,1280887.45077841,452003.588908572,69.3887238519057,25.7667877962324,24737.824937864,9186.13645460183,1.40560268297495,1.86363550166779,0.469351656154043,0.624700479558436,34.4335020618479,1.78819085569279,0.717979482565883,1.00968345563998,0.356300270826708,5.19328119254956,34.4335020618479,1.78819085569279
2021-01-14,310734,4341,233509,293349,4136.71428571429,223092.428571429,6235.71428571426,65.2857142857138,3316.28571428571,NA,367856.408750814,928992.071088477,18161.1527467446,12729.2813852815,367856.408750814,167210.528295248,1305157.14615122,461015.890271618,69.1911425785543,25.6934180257518,24269.6953728164,9012.30136304622,1.39701481009481,1.86833337204591,0.467280629738181,0.62622264917709,34.3354542119142,1.72020867272642,0.732295350406258,1.02881449629188,0.363404385694864,5.01011382643762,34.3354542119142,1.72020867272642
2021-01-15,317871,4419,238311,299481,4202,226625.285714286,6132,65.2857142857147,3532.85714285713,NA,376629.2539672,946904.115439061,17912.0443505847,9073.9134199135,376629.2539672,171561.451485334,1329093.94498526,469904.573934314,68.9865927587755,25.6174605573417,23936.7988340384,8888.68366269616,1.39018658512415,1.87768671856148,0.466678719412999,0.629199309309422,34.2339482863096,1.66691896667463,0.746414853900874,1.04768312502973,0.370411056601967,4.86930332718992,34.2339482863096,1.66691896667463
2021-01-16,324942,4475,243817,305510.285714286,4266.85714285714,230425.857142857,6029.28571428574,64.8571428571431,3800.57142857142,NA,384554.625894028,964570.31853472,17666.2030956591,9675.97402597393,384554.625894028,175494.054954931,1352702.21333171,478671.261184792,68.7749607351098,25.5388731854753,23608.268346447,8766.68725047749,1.37716884859452,1.87624261498017,0.463937145277078,0.628650582756945,34.1289278835883,1.60082009166839,0.760340568434826,1.06629278347492,0.377321561558665,4.69060831296915,34.1289278835883,1.60082009166839
2021-01-17,330715,4524,248332,311495.571428571,4332.28571428571,234419,5985.28571428568,65.4285714285716,3993.14285714287,NA,392729.013074143,982163.575844705,17593.2573099848,9353.4415584415,392729.013074143,179548.862556664,1376213.00042122,487401.749774709,68.5561369520375,25.4576152278391,23510.7870895169,8730.48858991725,1.36794520962158,1.87325073800248,0.46061573766968,0.626929939591106,34.0203386378532,1.55638705197537,0.774208782090846,1.08482560049872,0.384203532245111,4.57496962078749,34.0203386378532,1.55638705197537
2021-01-18,335605,4582,252631,317475.428571429,4399.14285714286,238679.571428571,5979.85714285716,66.8571428571422,4260.57142857142,NA,400944.178427313,999799.039899175,17635.4640544694,9353.44155844161,400944.178427313,183623.186287238,1399780.19058414,496153.183064897,68.3300317167685,25.3736533779393,23567.1901629122,8751.43329018779,1.36529551109191,1.86553759457483,0.458292098426307,0.626203749191721,33.9081360399002,1.52260996215306,0.788110266001481,1.10340287829854,0.391102012982719,4.49049178119672,33.9081360399002,1.52260996215306
2021-01-19,340989,4686,257563,323570.857142857,4471.71428571429,243297.142857143,6095.42857142858,72.5714285714284,4617.57142857145,NA,409814.124495351,1017836.9729802,18037.9330810254,9095.41558441566,409814.124495351,188018.696580937,1423885.22109274,505104.337826909,68.096561097309,25.2869564684946,24105.0305086065,8951.15476201265,1.37423787864125,1.87047797518459,0.46038807042738,0.631872858130068,33.7922784392661,1.52023695333771,0.802329003639034,1.12240411879586,0.398157927900603,4.4988639445467,33.7922784392661,1.52023695333771
2021-01-20,346508,4778,264831,329623.428571429,4543.57142857143,248427.714285714,6052.57142857142,71.8571428571431,5130.57142857142,NA,417933.481813388,1035811.67228958,17974.6993093783,9783.48484848486,417933.481813388,192044.396990102,1447905.74901517,514024.113424044,67.8556468451452,25.1974954427256,24020.5279224238,8919.77559713507,1.37890034284923,1.87675660110263,0.461280764430721,0.636076797270869,33.6727270058615,1.47687620668949,0.816497896075098,1.1413387485514,0.405189107605717,4.38606144468849,33.6727270058615,1.47687620668949
2021-01-21,352129,4872,273031,335537,4619.42857142857,254073.714285714,5913.57142857142,75.8571428571431,5646,NA,425657.567245233,1053438.10404177,17626.4317521914,9826.48917748895,425657.567245233,195872.076334369,1471460.86884158,522771.064519117,67.6072309573425,25.10524876184,23555.1198264167,8746.95109507244,1.38358385705239,1.8832288615772,0.46248564403617,0.640337579791995,33.5494529562752,1.41492663902714,0.830392260104771,1.15990651168305,0.412084055169314,4.21752085420661,33.5494529562752,1.41492663902714
2021-01-22,357174,4980,279058,341151.714285714,4699.57142857143,259894.714285714,5614.71428571426,80.1428571428569,5821,NA,432550.174794761,1070237.34362593,16799.2395841603,9826.4891774893,432550.174794761,199284.983625327,1493910.56864247,531107.529275166,67.3512627956585,25.0101976218482,22449.6998008904,8336.46475604927,1.39427841892187,1.89022480787187,0.465317345695294,0.645966513055139,33.4224311617553,1.31904224986904,0.843634574458894,1.17760290683413,0.418655429209706,3.94665592177333,33.4224311617553,1.31904224986904
2021-01-23,361928,5063,285366,346435.428571429,4783.57142857143,265830.285714286,5283.71428571432,84,5935.57142857145,NA,438575.187347002,1086108.33886215,15870.9952362238,9761.9826839827,438575.187347002,202265.196084119,1515119.80712078,538983.361497653,67.087694816914,24.9123243680803,21209.238478302,7875.8322224872,1.39889701819146,1.88648206165982,0.466159757626406,0.647787878565765,33.2916380294461,1.22150262215763,0.85614518286935,1.19432148518015,0.424863701052489,3.66916861003567,33.2916380294461,1.22150262215763
2021-01-24,365899,5119,290386,351461.714285714,4868.57142857143,271838,5026.28571428568,85,6007.71428571426,NA,443801.219998437,1101267.36285558,15159.0239934265,9847.99134199135,443801.219998437,204848.706379461,1535377.60130378,546505.884682361,66.8164868471713,24.8116140823583,20257.7941830053,7522.52318470774,1.39901994812776,1.8759836115657,0.464828085590992,0.645438412224002,33.1570536234083,1.14602700809519,0.868094566650501,1.21029006979069,0.430793470447646,3.4564253589277,33.1570536234083,1.14602700809519
2021-01-25,368684,5193,290386,356187.285714286,4955.85714285714,277231.571428571,4725.57142857148,87.2857142857147,5393.57142857142,NA,447962.738575837,1115579.18013428,14311.8172786979,10063.012987013,447962.738575837,206903.529776623,1554503.22897891,553607.989497354,66.5376187999313,24.7080593057678,19125.6276751303,7102.10481499275,1.408523288236,1.85554250455181,0.465498110082598,0.644383837843281,33.0186679759057,1.06477476331313,0.879376123915866,1.22536620300644,0.43639183721091,3.22482603331921,33.0186679759057,1.06477476331313
2021-01-26,372545,5297,301384,360695.285714286,5043.14285714286,283491.714285714,4508,87.2857142857138,6260.14285714284,NA,450664.285378378,1129291.1122182,13711.9320839266,10923.0995670995,450664.285378378,208236.734527186,1572827.1987891,560412.40692246,66.2510795320499,24.601655900417,18323.9698101929,6804.41742510663,1.42184165671261,1.83422363478883,0.469055316444968,0.645516233177947,32.8764755572579,1.0063153379679,0.890184810472664,1.23981041443794,0.441755546329321,3.06095371403426,32.8764755572579,1.0063153379679
2021-01-27,376482,5387,308008,364977.285714286,5130.14285714286,289659.857142857,4282,87,6168.1428571429,NA,452844.305616312,1142373.72120073,13082.608982523,10815.5887445888,452844.305616312,209310.920724743,1590310.17132478,566904.528673186,65.956865327139,24.4924024862635,17482.9725356733,6492.12175072567,1.43087850149542,1.81445755495137,0.471561967859154,0.643400322200629,32.7304745232419,0.950135957149549,0.900497421341193,1.25359169406086,0.446873082549794,2.90296111917074,32.7304745232419,0.950135957149549
2021-01-28,380644,5500,314278,369050.857142857,5219.85714285714,295552.285714286,4073.57142857142,89.7142857142862,5892.42857142858,NA,453839.973407708,1154876.75262849,12503.0314277592,11417.6493506494,453839.973407708,209798.030842493,1607018.62415373,573109.040509517,65.6549868229435,24.3803030135242,16708.452828957,6204.51183633145,1.44491966246677,1.80731711418857,0.476241294794623,0.643135419156319,32.5806701527389,0.899536565024171,0.910353169377669,1.26676244405961,0.451763904883684,2.76100003305614,32.5806701527389,0.899536565024171
2021-01-29,384180,5597,320092,372908.857142857,5308,301414.285714286,3858,88.1428571428569,5862,NA,453586.582699713,1166774.21906335,11897.4664348629,12062.7142857142,453586.582699713,209668.258009954,1622917.82890736,579013.046409525,65.3454631540139,24.2653645876174,15899.2047536294,5904.00590000721,1.45686917590713,1.80700332940704,0.479698634796122,0.640532258743101,32.4270719410896,0.850064800470229,0.919731569498626,1.27929528914902,0.456417847800851,2.62151135465867,32.4270719410896,0.850064800470229
2021-01-30,387499,5688,325436,376561.857142857,5397.28571428571,307138.571428571,3653,89.2857142857147,5724.28571428568,NA,452174.243625973,1178094.43843117,11320.2193678182,12643.2727272727,452174.243625973,208964.735290225,1638045.62830653,584630.598877765,65.0283200851723,24.1475967760443,15127.7993991685,5617.55246824073,1.46787475580582,1.80922084408597,0.482813585604778,0.637439868244019,32.2696926738449,0.80534539468888,0.928654943837999,1.29122005956058,0.460845988450465,2.49571301259422,32.2696926738449,0.80534539468888
2021-01-31,390166,5753,325436,380028.571428571,5487.85714285714,312145.714285714,3466.71428571426,90.5714285714284,5007.14285714284,NA,450086.741758965,1188891.29587152,10796.8574403506,12793.7878787878,450086.741758965,207926.025448594,1652474.03187293,589988.437908315,64.7035916149653,24.0270122038151,14428.4035663984,5357.83903054986,1.47450059718171,1.80438519854578,0.483896216582421,0.63162107084309,32.108549222464,0.766664020991876,0.937165768363449,1.30259351814466,0.465069405132267,2.38776480362324,32.108549222464,0.766664020991876
2021-02-01,391956,5833,333969,383353.142857143,5579.28571428571,318371.857142857,3324.57142857142,91.4285714285716,6226.1428571429,NA,447265.098735041,1199298.90392985,10407.608058328,13137.8225108227,447265.098735041,206523.724613952,1666382.26119392,595153.115591395,64.37132445773,23.9036282178174,13908.229320992,5164.6776830802,1.48817724438457,1.79551826137008,0.486367491947712,0.627884799185166,31.9436647684976,0.738639367437898,0.945369759793682,1.31355693966473,0.469140558774338,2.31235606222359,31.9436647684976,0.738639367437898
2021-02-02,394269,5952,339221,386456.571428571,5672.85714285714,323777.142857143,3103.42857142858,93.5714285714284,5405.28571428568,NA,443800.571927123,1209065.77106132,9766.86713147513,13137.8225108224,443800.571927123,204801.319259217,1679434.2350049,599999.831611526,64.0315743389684,23.7774655111425,13051.973810978,4846.71602013055,1.50962921254271,1.78464129878383,0.492280911631078,0.628574731375011,31.7750669652023,0.693856880221952,0.953068675221491,1.32384540178713,0.47296107319716,2.18368639965377,31.7750669652023,0.693856880221952
2021-02-03,396900,6068,343981,389373.428571429,5770.14285714286,328916.142857143,2916.85714285716,97.2857142857138,5139,NA,439838.214516681,1218295.51754698,9229.74648566241,13094.8181818181,439838.214516681,202829.855109244,1691768.42649038,604580.006559298,63.6844045504396,23.648547586533,12334.1914854769,4580.17494777218,1.52884857646762,1.77574547369772,0.498072915200231,0.629088401685209,31.6027872205189,0.657234888881033,0.960344195268674,1.33356805858575,0.476571481641627,2.07970585652559,31.6027872205189,0.657234888881033
2021-02-04,399492,6172,349176,392066,5866.14285714286,333901.571428571,2692.57142857142,96,4985.42857142858,NA,434806.594395811,1226863.25673347,8567.73918648972,13503.3593073594,434806.594395811,200329.794426278,1703217.94310364,608831.666606729,63.3298852338497,23.5169004903891,11449.5166132622,4251.66004743089,1.54496210186937,1.7737758665748,0.503071549834573,0.628408561648379,31.4268603416096,0.612163929893035,0.96709787569827,1.34259335389367,0.479922932080374,1.94792969408182,31.4268603416096,0.612163929893035
2021-02-05,401858,6278,354317,394591.428571429,5963.42857142857,338790.857142857,2525.42857142858,97.2857142857147,4889.28571428574,NA,429524.536432291,1234945.31998207,8082.06324860104,13266.8354978354,429524.536432291,197704.017005068,1714018.42563703,612842.314534606,62.9680943539028,23.3825531741004,10800.4825333869,4010.64792787738,1.56224337950221,1.77691886933406,0.508362588887023,0.627926188110074,31.2473250177262,0.580807980830342,0.973468712999072,1.35110703596641,0.483084400214606,1.85877200409794,31.2473250177262,0.580807980830342
2021-02-06,404128,6372,358716,396967,6061.14285714286,343545.142857143,2375.57142857142,97.7142857142853,4754.28571428568,NA,423635.259753521,1242592.61040287,7647.29042079742,13438.852813853,423635.259753521,194777.272831501,1724237.89857073,616637.210532897,62.5991181218552,23.2455376513288,10219.4729337036,3794.89599829051,1.57672816533376,1.77751858773827,0.5127988003996,0.626033458122763,31.0642240303943,0.553062068568114,0.9794968324983,1.35916272637094,0.48607579786084,1.78040828221764,31.0642240303943,0.553062068568114
2021-02-07,405765,6424,362075,399195.428571429,6157,348779.285714286,2228.42857142858,95.8571428571431,5234.1428571429,NA,417124.004145672,1249809.58423225,7216.97382937954,13632.3722943722,417124.004145672,191543.460703867,1733882.31700579,620218.565967025,62.2230496921105,23.1058885140024,9644.41843505879,3581.35543412797,1.58318238389215,1.7768709524744,0.513998298704535,0.62018996038153,30.8776036066112,0.526017904718463,0.985185746907511,1.36676511932688,0.48889886816917,1.70358195245091,30.8776036066112,0.526017904718463
2021-02-08,406992,6507,365082,401343.428571429,6253.28571428571,353224,2148,96.2857142857147,4444.71428571426,NA,410265.923245536,1256809.17432779,6999.59009553492,13761.3852813854,410265.923245536,188137.755681458,1743236.23422251,623692.046766313,61.8399848486364,22.9636413305111,9353.91721671796,3473.48079928802,1.59880292487322,1.77585081441339,0.517739696122151,0.617691725316782,30.6875112782707,0.514947736114492,0.99070330452854,1.3741385192719,0.491636904281861,1.67805976783117,30.6875112782707,0.514947736114492
2021-02-09,408550,6602,368657,403383.571428571,6346.14285714286,357429.142857143,2040.14285714284,92.8571428571422,4205.14285714284,NA,402779.457904918,1263499.48387894,6690.30955115752,14083.9177489177,402779.457904918,184423.027445835,1752176.84372129,627012.050002226,61.4500261648671,22.8188341904428,8940.60949878534,3320.00323591277,1.61595887896218,1.77676506608624,0.52251703180217,0.616872513309303,30.4939979464754,0.497266671794764,0.995977065984169,1.3811861216891,0.49425395883879,1.63072513998525,30.4939979464754,0.497266671794764
2021-02-10,410434,6723,372379,405317,6439.71428571429,361486,1933.42857142858,93.5714285714284,4056.85714285716,NA,394424.471980154,1269881.04340873,6381.55952978088,14642.9740259739,394424.471980154,180278.815311311,1760704.85446769,630178.838941816,61.0532816777669,22.6715072122113,8528.01074640173,3166.78893959057,1.63802219114401,1.77928048830549,0.529419667684269,0.618999022421949,30.2971172235535,0.480015434155868,1.00100744946906,1.3879084854338,0.496750239365127,1.58438058459459,30.2971172235535,0.480015434155868
2021-02-11,412125,6800,375298,407121.714285714,6529.42857142857,365217.714285714,1804.71428571426,89.7142857142862,3731.71428571426,NA,385881.645020339,1275877.38528008,5996.34187135403,14449.4545454546,385881.645020339,176042.684209878,1768718.07877115,633154.467238879,60.6498562839859,22.5216993481072,8013.22430345789,2975.62829706306,1.64998483469821,1.78448931848094,0.532966574880334,0.617470400863205,30.0969211634818,0.457550620385656,1.00573417794016,1.39422505915042,0.49909583394477,1.52027632597192,30.0969211634818,0.457550620385656
2021-02-12,413441,6863,377868,408776.428571429,6613,368582.142857143,1654.71428571432,83.5714285714284,3364.42857142858,NA,376690.471016914,1281412.7567312,5535.37145112013,14642.9740259741,376690.471016914,171488.559194215,1776115.28426617,635901.34329733,60.2398597717474,22.3694513668561,7397.20549501758,2746.87605845055,1.65997083017891,1.79367696997971,0.535580745856399,0.615196135085089,29.893464247634,0.428808719419437,1.01009753786817,1.40005604453618,0.501261110300024,1.43447389181426,29.893464247634,0.428808719419437
2021-02-13,414803,6928,380413,410301.428571429,6692.42857142857,371681.714285714,1525,79.4285714285716,3099.57142857142,NA,367040.524330588,1286549.71913578,5136.96240458358,14707.4805194804,367040.524330588,166709.075446543,1782980.07497849,638450.512610883,59.8234096061131,22.2148068878986,6864.79071231885,2549.16931355279,1.67019042774522,1.79640810410248,0.538494540627141,0.613482203573861,29.6868047669434,0.404836892855995,1.01414684442434,1.4054673440258,0.503270540621131,1.36370914579173,29.6868047669434,0.404836892855995
2021-02-14,416154,6966,382730,411785.571428571,6769.85714285714,374632.428571429,1484.14285714284,77.4285714285716,2950.71428571432,NA,357570.061156276,1291584.63691385,5034.91777806892,14427.9523809524,357570.061156276,162018.730670461,1789708.49813559,640949.043237593,59.4006269635632,22.0578109088723,6728.42315710429,2498.53062671074,1.67389956602604,1.79818879597355,0.539337477460614,0.609782934491715,29.477002854099,0.404349323846408,1.01811571239782,1.41077114924315,0.505240054051578,1.37176073057645,29.477002854099,0.404349323846408
2021-02-15,417127,7038,384941,413233.428571429,6845.71428571429,377469.428571429,1447.85714285716,75.8571428571422,2837,NA,347949.296684257,1296532.18845915,4947.5515452968,14492.458874459,347949.296684257,157254.807806795,1796320.1692404,643404.219192402,58.9716244174382,21.8985052327276,6611.67110480834,2455.17595480895,1.68725591965996,1.79845585001058,0.542832647168154,0.609415678684465,29.2641143725633,0.404911187662921,1.02201571230661,1.41598292247475,0.507175392352183,1.38365933917898,29.2641143725633,0.404911187662921
2021-02-16,418435,7139,387584,414645.571428571,6922.42857142857,380173.285714286,1412.14285714284,76.7142857142862,2703.85714285716,NA,338757.554228237,1301393.56721525,4861.37875610194,13976.4069264068,338757.554228237,152701.624117557,1802816.68315379,645816.632710468,58.5365173328644,21.7369326991156,6496.51391339255,2412.41351806559,1.70611922998793,1.8018711467095,0.548565797453278,0.611857879901646,29.0481965711959,0.405843022736701,1.02584778490491,1.42110392089947,0.50907702236337,1.39715148224983,29.0481965711959,0.405843022736701
2021-02-17,419896,7218,391052,415997.285714286,6993.14285714286,382840.857142857,1351.71428571432,70.7142857142853,2667.57142857142,NA,329291.603221601,1306082.24824325,4688.68102799566,14083.9177489177,329291.603221601,148015.749396756,1812479.91246295,648143.34660406,58.095423310841,21.5731369779561,9663.22930915817,2326.71389359189,1.71899708499247,1.80468668490573,0.552645134692598,0.612684328568089,28.8293078083872,0.399017147280162,1.02954372529364,1.42872114187824,0.510911098044992,1.38408161514729,28.8293078083872,0.399017147280162
2021-02-18,421421,7294,393338,417325.285714286,7063.71428571429,385418,1328,70.5714285714284,2577.14285714284,NA,320359.811669255,1310724.38742683,4642.13918358483,13503.3593073594,320359.811669255,143593.075178513,1835153.45114214,650446.964544786,57.6484484046552,21.4071574510446,22673.5386791846,2303.61794072634,1.73081075693902,1.81043819443885,0.556486174360373,0.613512776595199,28.6075007120845,0.403286152137345,1.03320297820426,1.44659398220568,0.512726967910415,1.40973506101243,28.6075007120845,0.403286152137345
2021-02-19,422718,7360,395336,418650.571428571,7134.71428571429,387913.428571429,1325.28571428568,71,2495.42857142858,NA,312379.367642749,1315393.70963409,4669.32220725948,12578.7662337661,312379.367642749,139639.187809828,1856751.08160169,652764.071805531,57.1956998598089,21.2390339428936,21597.6304595559,2317.10726074525,1.74111346098345,1.82028449257424,0.559528295300072,0.613691880804931,28.38282850186,0.413682988695202,1.03688365864098,1.46361871778474,0.514553470984277,1.45752433269631,28.38282850186,0.413682988695202
2021-02-20,423952,7438,397137,419957.571428571,7207.57142857143,390302.571428571,1307,72.8571428571431,2389.14285714284,NA,304993.409273715,1320035.81187112,4642.10223702737,11955.2034632036,304993.409273715,135977.285805001,1876928.93321181,655067.671411876,56.7372904735838,21.0688083396115,20177.8516101178,2303.59960634448,1.75444389930936,1.82808474127345,0.563469561439914,0.615185722565853,28.1553471523047,0.41839815127573,1.04054288242779,1.47952428616916,0.51636932639728,1.48604636473184,28.1553471523047,0.41839815127573
2021-02-21,424988,7485,398765,421219.571428571,7281.71428571429,392593.285714286,1262,74.1428571428569,2290.71428571432,NA,297784.322913764,1324555.04152848,4519.22965736501,11654.1731601731,297784.322913764,132401.499662899,1895958.12217593,657310.29665538,56.2733342833488,20.8965229878006,19029.1889641187,2242.62524350442,1.76122619932798,1.83464708634777,0.565095429432862,0.614382954890199,27.9251132533911,0.413776469745458,1.04410524960885,1.4945243997698,0.518137117629985,1.48174666073169,27.9251132533911,0.413776469745458
2021-02-22,425725,7541,400094,422447.857142857,7353.57142857143,394758,1228.28571428574,71.8571428571431,2164.71428571426,NA,290730.313473379,1328990.5385816,4435.49705312075,11417.6493506492,290730.313473379,128903.028812783,1914845.19040133,659511.370380989,55.8039333255911,20.7222157776593,18887.0682253961,2201.07372560864,1.77133125844148,1.84073058498579,0.567423151713955,0.614656927625164,27.692177439767,0.412472377676469,1.04760161300077,1.50941248404383,0.519872155102668,1.48949985335703,27.692177439767,0.412472377676469
2021-02-23,426828,7595,401653,423646.857142857,7418.71428571429,396767.857142857,1199,65.1428571428569,2009.85714285716,NA,283485.401543595,1333357.43184663,4366.8932650215,11546.6623376627,283485.401543595,125313.638574802,1934045.55454724,661678.400121526,55.3291898847169,20.5459246914481,19200.3641459101,2167.02974053705,1.77940528737571,1.84610342103785,0.569614704849348,0.615006986715026,27.4565904691076,0.412407554873425,1.05104389817545,1.52454752967848,0.521580356768295,1.50204263630093,27.4565904691076,0.412407554873425
2021-02-24,427732,7664,403225,424766.285714286,7482.42857142857,398506.857142857,1119.42857142858,63.7142857142862,1739,NA,276890.879423891,1337470.19544121,4112.76359458175,10643.5714285712,276890.879423891,122044.69526728,1950472.38903202,663719.320401544,54.8492061345316,20.3676876703572,16426.8344847832,2040.92028001812,1.79177615890324,1.85149966630092,0.57302211489444,0.616774953901841,27.2184030442036,0.394878890897153,1.05428586089113,1.53749628875778,0.523189150296378,1.45078496888641,27.2184030442036,0.394878890897153
2021-02-25,428816,7738,405101,425822.714285714,7545.85714285714,400187.285714286,1056.42857142852,63.4285714285716,1680.42857142858,NA,270121.320241395,1341386.13409421,3915.93865300156,10622.0692640692,270121.320241395,118688.96342806,1967245.34710879,665662.568154161,54.3640701503821,20.1875374202593,16772.9580767741,1943.24775261711,1.80450356329988,1.85966190845863,0.576865960018679,0.619134314348645,26.9776588716182,0.381531344402539,1.0573726726706,1.55071788622285,0.52472095163055,1.4142533914982,26.9776588716182,0.381531344402539
2021-02-26,429873,7818,406428,426844.857142857,7611.28571428571,401771.857142857,1022.1428571429,65.4285714285716,1584.57142857142,NA,263192.640225394,1345209.45840721,3823.32431300404,10686.5757575757,263192.640225394,115253.477748799,1984826.07702721,667559.85691099,53.8738688807291,20.0055062285696,17580.7299184185,1897.2887568291,1.8186766789261,1.87013152943687,0.581173433708744,0.62205147445566,26.7344010987077,0.378400757339213,1.06038647946684,1.5645762249285,0.526216524927937,1.41541004967224,26.7344010987077,0.378400757339213
2021-02-27,431093,7859,407864,427865,7671.42857142857,403304.285714286,1020.14285714284,60.1428571428569,1532.42857142858,NA,256017.635091804,1349060.70002687,3851.24161965703,10966.103896104,256017.635091804,111699.353826438,2003681.21818553,669470.999368865,53.378692568904,19.8216276062195,18855.1411583163,1911.14245787496,1.82304050402117,1.87772085948564,0.582553475899451,0.622002628435816,26.4886745078772,0.387602956874365,1.06342229260146,1.57943914209561,0.527723018663913,1.46327861461433,26.4886745078772,0.387602956874365
2021-02-28,432090,7889,409163,428879.571428571,7729.14285714286,404789.714285714,1014.57142857142,57.7142857142853,1485.42857142852,NA,248666.727349421,1352927.12994682,3866.42991995416,11159.6233766233,248666.727349421,108059.81099402,2022777.26321326,671389.678878015,52.8786294810017,19.6359343299141,19096.045027731,1918.67950915021,1.82577703719133,1.88316339707306,0.58310605393138,0.621239291738985,26.2405229003467,0.396290083597823,1.06647007819745,1.59449195623704,0.529235453621322,1.51022015282959,26.2405229003467,0.396290083597823
2021-03-01,432778,7940,410448,429887.142857143,7786.14285714286,406268.857142857,1007.57142857142,57,1479.1428571429,NA,241670.907215054,1356803.89855705,3876.7686102218,10815.5887445889,241670.907215054,104595.685427879,2041256.39514973,673313.488865043,52.3737497656023,19.4484524486061,18479.1319364719,1923.80998702743,1.83465887822394,1.8892672992764,0.585198790218996,0.622316853610272,25.9899810866899,0.405190563359238,1.06952601345914,1.60905847711247,0.530751932773738,1.55902184885968,25.9899810866899,0.405190563359238
2021-03-02,433700,8005,411959,430868.857142857,7844.71428571429,407741.142857143,981.714285714319,58.5714285714284,1472.28571428568,NA,235621.744952763,1360618.29473631,3814.39617926767,9804.98701298703,235621.744952763,101597.15592715,2057536.36276594,675206.347119416,51.8641204879523,19.2592068662838,16279.9676162109,1892.85825437331,1.8457459073092,1.89742049910732,0.588335467115806,0.624701132242529,25.7370823474049,0.406221277035949,1.07253278248722,1.62189146563965,0.532244013644817,1.57834313746064,25.7370823474049,0.406221277035949
2021-03-03,434944,8068,413178,431899.142857143,7902.42857142857,409163,1030.28571428568,57.7142857142862,1421.85714285716,NA,230017.277815986,1364661.50725322,4043.21251690295,9589.9653679654,230017.277815986,98819.0143404786,2075396.25511746,677212.753330812,51.349806855368,19.0682217970124,17859.8923515226,2006.4062113954,1.85495144202472,1.90510400634243,0.591208879060363,0.627103630741884,25.4818590410097,0.437265351404519,1.07571992026695,1.63596985934698,0.533825600813704,1.7159759672069,25.4818590410097,0.437265351404519
2021-03-04,436093,8135,413178,432938.714285714,7959.14285714286,410316.857142857,1039.57142857142,56.7142857142853,1153.85714285716,NA,224534.905829827,1368782.81059173,4121.30333851581,9546.96103896108,224534.905829827,96101.8211529322,2092175.06127912,679257.911378496,50.830860223659,18.8755163112428,16778.8061616537,2045.15804768458,1.86542778719218,1.91254748413877,0.594323652887137,0.6298464512119,25.2243366523421,0.451957479904717,1.07896861459528,1.64919606667419,0.535437734841297,1.79173641982358,25.2243366523421,0.451957479904717
2021-03-05,437222,8190,415868,433988.571428571,8012.28571428571,411665.428571429,1049.85714285716,53.1428571428578,1348.57142857142,NA,218839.165241425,1372988.20420246,4205.39361073216,9847.99134199135,218839.165241425,93281.5524613728,2109501.20341834,681344.798433446,50.3073293002165,18.6811084959629,17326.1421392253,2086.88705494977,1.87319027862276,1.92082644237504,0.596509130590628,0.631685049773683,24.9645393519871,0.467574796783275,1.0822835946512,1.66285372180807,0.53708276253822,1.8729353439235,24.9645393519871,0.467574796783275
2021-03-06,437634,8196,417136,434923,8060.42857142857,412990,934.42857142858,48.1428571428569,1324.57142857142,NA,213521.341128669,1376770.93420226,3782.72999979765,9052.41125541111,213521.341128669,90648.6773377494,2122086.31173067,683221.942643872,49.7792639605758,18.485016871939,12585.1083123302,1877.1442104259,1.87279781735423,1.92632752313467,0.595306001629747,0.62978642329837,24.7024918902105,0.426999120824957,1.08526540222191,1.67277416848172,0.538562456520674,1.7285434239454,24.7024918902105,0.426999120824957
2021-03-07,439356,8255,418105,435961,8112.71428571429,414267.428571429,1038,52.2857142857138,1277.42857142858,NA,209029.626548589,1381018.37979534,4247.44559308048,8686.87445887434,209029.626548589,88422.440886625,2139984.53635011,685329.697599837,49.2467113913112,18.2872589614193,17898.2246194365,2107.75495596475,1.87888637005071,1.93207705853694,0.597747294371516,0.632042890951426,24.4382176829063,0.486141994086284,1.0886135305383,1.68688277831515,0.540223933730313,1.98923703393234,24.4382176829063,0.486141994086284
2021-03-08,439977,8301,418105,436989.428571429,8164.28571428571,415361.285714286,1028.42857142858,51.5714285714294,1093.85714285716,NA,204653.366037715,1385273.0543494,4254.67455406091,8579.36363636376,204653.366037715,86253.4974322491,2154642.79458152,687441.039859746,48.7097042936324,18.0878469076613,14658.2582314061,2111.34225990984,1.88668953149824,1.93732294173421,0.599232041216494,0.633313920121395,24.1717329577424,0.492010888313031,1.0919673572182,1.69843742413181,0.541888238699285,2.03544092017593,24.1717329577424,0.492010888313031
2021-03-09,441152,8359,420104,438054,8214.85714285714,416524.857142857,1064.57142857142,50.5714285714284,1163.57142857142,NA,200240.612144206,1389726.75933035,4453.70498094987,8815.88744588755,200240.612144206,84067.7398610341,2170982.98328623,689651.149098413,48.1682719544488,17.8867915860569,16340.1887047151,2210.10923866683,1.89481176555926,1.94334216732127,0.601485144031322,0.635475138643111,23.9030522480723,0.520194549400444,1.09547807334929,1.71131788305672,0.543630398583889,2.17621877772053,23.9030522480723,0.520194549400444
2021-03-10,442411,8412,421265,439120.714285714,8264,417680.142857143,1066.71428571426,49.1428571428569,1155.28571428568,NA,196018.41379187,1394240.57829404,4513.81896368205,8686.87445887434,196018.41379187,81976.8315487044,2186174.61390411,691891.08933603,47.6224440188315,17.684104004998,15191.6306178807,2239.94023761665,1.90139937750192,1.94927727667283,0.603339203503369,0.637255438401796,23.6321902649841,0.532730388830929,1.09903617545,1.72329296961858,0.545396073310556,2.25419754531681,23.6321902649841,0.532730388830929
