"date","positive","death","recovered","positive7","death7","recovered7","dif_pos7","dif_dea7","dif_rec7","testPosRate7","Einfected","Epositive","dif_Epositive","dif_Erecovered","Einfected_U","Einfected_L","Epositive_U","Epositive_L","confirmRate_k_U","confirmRate_k_L","dif_Epositive_U","dif_Epositive_L","CFR","CFRadj","ECFR_k","EIFRadj_k","confirmRate_k","NCC7PerEinfected_k","cumIncidence","cumIncidence_U","cumIncidence_L","difEposPerEinfected_k","ascertainmentRate","docuTransmissionRate"
2020-03-13,14,0,NA,14,0,NA,NA,NA,NA,NA,194.805194805195,194.805194805195,NA,NA,329.67032967033,96.6702470461869,329.67032967033,96.6702470461869,NA,NA,NA,NA,NA,NA,NA,NA,NA,NA,0.0100705329385112,0.0170424403574804,0.0049974073228702,NA,NA,NA
2020-03-14,18,0,NA,16,0,NA,2,0,NA,NA,281.385281385281,281.385281385281,86.5800865800866,0,476.190476190476,139.634801288937,476.190476190476,139.634801288937,4.97557865687201,1.7222971379427,146.520146520147,42.9645542427497,NA,NA,NA,NA,2.46908414551543,1.02666666666667,0.0145463253556272,0.0246168582941384,0.00721847724414584,44.4444444444444,2.46908414551543,1.02666666666667
2020-03-15,18,0,NA,16.6666666666667,0,NA,0.666666666666668,0,NA,NA,300.612669398536,300.612669398536,19.2273880132548,0,503.754848131493,149.17621188198,503.754848131493,149.17621188198,6.98708707864126,2.41858101499003,27.5643719410166,9.54141059304376,NA,NA,NA,NA,3.46727629466408,0.236923076923077,0.0155402929164135,0.0260418095940201,0.00771172430438565,6.83311789394133,3.46727629466408,0.236923076923077
2020-03-16,18,0,NA,17,0,NA,0.333333333333332,0,NA,NA,308.090910921601,308.090910921601,7.4782415230647,0,514.475650700433,152.887218953576,514.475650700433,152.887218953576,8.98228774298653,3.10921995988485,10.72080256894,3.71100707159599,NA,NA,NA,NA,4.45737587245948,0.110884622313173,0.015926883621325,0.0265960257970621,0.0079035663083267,2.48766678331526,4.45737587245948,0.110884622313173
2020-03-17,23,0,NA,18.2,0,NA,1.2,0,NA,NA,330.152285035441,330.152285035441,22.0613741138405,0,546.102823418048,163.834968513828,546.102823418048,163.834968513828,10.9611568422872,3.79420573161647,31.6271727176153,10.9477495602517,NA,NA,NA,NA,5.43937106459367,0.389495259453263,0.0170673552340272,0.028231005218033,0.00846951462741201,7.16067022160689,5.43937106459367,0.389495259453263
2020-03-18,24,0,NA,19.1666666666667,0,NA,0.966666666666669,0,NA,NA,345.225246188267,345.225246188267,15.0729611528258,0,567.711411499932,171.314783822749,567.711411499932,171.314783822749,12.9236702611326,4.4735299826326,21.6085880818842,7.47981530892102,NA,NA,NA,NA,6.41324990402067,0.292793994795278,0.0178465580264488,0.0293480698746041,0.00885618668981668,4.56545716507996,6.41324990402067,0.292793994795278
2020-03-19,29,0,NA,20.5714285714286,0,NA,1.40476190476191,0,NA,NA,364.262544581499,364.262544581499,19.0372983932315,0,595.003271075523,180.761864228413,595.003271075523,180.761864228413,14.8697993924104,5.14718281057801,27.2918595755909,9.44708040566374,NA,NA,NA,NA,7.37899819472995,0.406911401670861,0.0188306988278325,0.0307589335380914,0.00934455731305975,5.51445718510678,7.37899819472995,0.406911401670861
2020-03-20,37,0,NA,23.8571428571429,0,NA,3.28571428571428,0,NA,NA,403.675657892879,403.675657892879,39.4131133113802,0,651.505886715224,200.320251285188,651.505886715224,200.320251285188,16.7995156051281,5.81515430483125,56.5026156397003,19.5583870567751,NA,NA,NA,NA,8.33660172886054,0.902017417024097,0.0208681755809984,0.0336798589912378,0.0103556360026007,10.81997419105,8.33660172886054,0.902017417024097
2020-03-21,38,0,NA,26.7142857142857,0,NA,2.85714285714286,0,NA,NA,434.443787788477,434.443787788477,30.7681298955977,0,695.615059307315,215.588646571725,695.615059307315,215.588646571725,18.7127907257034,6.47743471310349,44.1091725920915,15.2683952865372,NA,NA,NA,NA,9.286046525537,0.707781127667345,0.0224587464375911,0.0359601004186973,0.0111449418412106,7.62199287819392,9.286046525537,0.707781127667345
2020-03-22,51,0,NA,31.4285714285714,0,NA,4.71428571428571,0,NA,NA,480.538824513671,480.538824513671,46.0950367251944,0,761.696876351428,238.462875322574,761.696876351428,238.462875322574,20.6095941665831,7.13401344750957,66.0818170441132,22.8742287508484,NA,NA,NA,NA,10.2273174059735,1.0851302276718,0.0248416479105582,0.039376226543285,0.01232743430148,10.6101267922002,10.2273174059735,1.0851302276718
2020-03-23,51,0,NA,36.1428571428571,0,NA,4.71428571428572,0,NA,NA,522.780015837683,522.780015837683,42.2411913240124,0,822.253822936375,259.424669513437,822.253822936375,259.424669513437,22.4898960048971,7.78488015024454,60.556946584947,20.9617941908633,NA,NA,NA,NA,11.1603995212271,0.981040509994962,0.0270253232946557,0.0425067422661804,0.0134110626875735,8.79038054141882,11.1603995212271,0.981040509994962
2020-03-24,66,0,NA,42.2857142857143,0,NA,6.14285714285714,0,NA,NA,573.609270315144,573.609270315144,50.8292544774609,0,895.122611714937,284.64820932932,895.122611714937,284.64820932932,24.3536679930589,8.43002504340291,72.8687887785619,25.2235398158829,NA,NA,NA,NA,12.0852788536984,1.17503538332218,0.0296529620594592,0.0462737236257779,0.0147150037287542,9.72287634140223,12.0852788536984,1.17503538332218
2020-03-25,71,0,NA,49,0,NA,6.71428571428572,0,NA,NA,625.249907957762,625.249907957762,51.6406376426179,0,969.154598913152,310.27439041513,969.154598913152,310.27439041513,26.200882963414,9.06943872289795,74.0319871982144,25.6261810858104,NA,NA,NA,NA,13.0019419216942,1.17053162848352,0.0323225456035005,0.0501008369957709,0.0160397594724138,9.00275506604805,13.0019419216942,1.17053162848352
2020-03-26,74,0,NA,55.4285714285714,0,NA,6.42857142857143,0,NA,NA,671.464129161693,671.464129161693,46.2142212039309,0,1035.4072787546,333.207763343397,1035.4072787546,333.207763343397,28.0315130647351,9.70311154802402,66.2526798414533,22.9333729282665,NA,NA,NA,NA,13.9103749043046,1.028159117645,0.0347116083660579,0.0535257959414252,0.0172253094147355,7.3913199531495,13.9103749043046,1.028159117645
2020-03-27,82,0,NA,61.8571428571429,0,NA,6.42857142857142,0,NA,NA,714.869438874646,714.869438874646,43.4053097129532,0,1097.63310476478,354.747240343809,1097.63310476478,354.747240343809,29.8455316647113,10.3310343000036,62.2258260101721,21.5394770004128,NA,NA,NA,NA,14.8105645854958,0.957394995243915,0.0369554633187335,0.0567425850577943,0.0183388013461384,6.46427825819135,14.8105645854958,0.957394995243915
2020-03-28,96,2,NA,70.1428571428571,0.285714285714286,NA,8.28571428571428,0.285714285714286,NA,NA,767.350577974388,767.636292260102,52.7668533854556,0,1172.99391989175,380.646581121554,1173.27963417746,380.932295407269,31.6429133550949,10.9531981837687,75.6465294126854,26.1850550634592,NA,NA,NA,NA,15.7024983566636,1.15905147382897,0.0396832670388099,0.0606531628372847,0.0196924483049733,7.38132734678401,15.7024983566636,1.15905147382897
2020-03-29,108,2,NA,78.2857142857143,0.571428571428571,NA,8.14285714285715,0.285714285714286,NA,NA,816.159141768323,816.730570339752,49.0942780796496,0,1243.08973325973,404.723440920478,1243.66116183115,405.294869491907,33.4236321439927,11.5695942022225,70.381527653692,24.3625740846381,NA,NA,NA,NA,16.5861633195753,1.06116398280184,0.0422212155005434,0.0642915642321141,0.0209518813762095,6.39789419449531,16.5861633195753,1.06116398280184
2020-03-30,145,2,NA,91.7142857142857,0.857142857142857,NA,13.4285714285714,0.285714285714286,NA,NA,892.777101782196,893.634244639339,76.903674299587,0,1353.05308039428,442.60045222704,1353.91022325142,443.457595084183,35.1876634075875,12.1802138318277,110.249061420266,38.1627255922763,NA,NA,NA,NA,17.461547254893,1.64533556080744,0.0461967818908596,0.0699909338284075,0.0229247188330581,9.42263222500509,17.461547254893,1.64533556080744
2020-03-31,172,3,NA,106.857142857143,1.28571428571429,NA,15.1428571428572,0.428571428571429,NA,NA,974.967088077363,976.252802363077,82.6185577237386,0,1471.06642384034,483.17056357867,1472.35213812605,484.456277864384,36.9349845311857,12.7850492445055,118.441914874634,40.9986827802011,NA,NA,NA,1.54,18.3286389402876,1.69615024875329,0.0504677814795574,0.0761138362809735,0.0250441622379759,9.25410805886624,18.3286389402876,1.69615024875329
2020-04-01,210,4,NA,126.714285714286,1.85714285714286,NA,19.8571428571428,0.571428571428571,NA,NA,1077.88604333113,1079.74318618827,103.490383825195,0,1618.858747543,533.955265326511,1620.71589040014,535.812408183654,38.6655745549662,13.3840931850113,148.363752274085,51.3561303192698,NA,NA,NA,1.42153846153846,19.1874279746449,2.0366967122968,0.0558177585177621,0.0837835601589809,0.0276990380614459,10.6147566508402,19.1874279746449,2.0366967122968
2020-04-02,246,5,NA,151.285714285714,2.57142857142857,NA,24.5714285714286,0.714285714285714,NA,NA,1199.7965004919,1202.36792906333,122.624742875056,0,1793.9392197776,594.092355775787,1796.51064834903,596.663784347216,40.3794131218713,13.9773386067473,175.794757948893,60.8513761635619,NA,NA,NA,1.66326988480025,20.0379042559662,2.27959208376122,0.062156893947054,0.0928713409140695,0.0308447744398915,11.3764106728846,20.0379042559662,2.27959208376122
2020-04-03,279,6,NA,179.428571428571,3.42857142857143,NA,28.1428571428571,0.857142857142857,NA,NA,1333.72277826956,1337.15134969813,134.783420634803,0,1986.30750802421,660.120218647193,1989.73607945278,663.548790075764,42.076481621418,14.5647790676925,193.225431103748,66.8850057285485,NA,NA,NA,1.94747712032531,20.8800585489743,2.34563376471702,0.069124577116003,0.102860207332309,0.0343024217267383,11.2338567898426,20.8800585489743,2.34563376471702
2020-04-04,321,6,NA,211.571428571429,4,NA,32.1428571428572,0.571428571428572,NA,NA,1438.17608417793,1485.18041318225,148.029063484123,43.004329004329,2124.97609723848,711.810258743503,2201.95045621284,737.006821579164,43.7567635356112,15.1464088501409,212.214376760061,73.4580315033994,NA,NA,NA,1.81734316918506,21.7138826567694,2.41000834848432,0.0767769991223286,0.11383071493774,0.038099864226118,11.0989379424248,21.7138826567694,2.41000834848432
2020-04-05,364,8,NA,248.142857142857,4.85714285714286,NA,36.5714285714286,0.857142857142857,NA,NA,1556.57038777976,1647.43618864556,162.255775463309,43.004329004329,2283.75437794039,770.274456664071,2434.56023874625,817.524725192535,45.4202443558842,15.7222229319507,232.609782533412,80.5179036133713,NA,NA,NA,2.31732762546492,22.5393693796117,2.54290138754491,0.0851648767294988,0.125855571252096,0.04226226965524,11.2820521247964,22.5393693796117,2.54290138754491
2020-04-06,417,9,NA,287,5.85714285714286,NA,38.8571428571429,1,NA,NA,1678.93140440495,1813.80153427508,166.36534562952,43.004329004329,2448.28127882861,830.635133012985,2673.06149860883,900.081964377109,47.0669116856847,16.2922170220536,238.501259862576,82.557239184574,NA,NA,NA,2.4707453823835,23.3565125658285,2.49632874535559,0.093765200220175,0.138184989857818,0.0465300993573801,10.6879423465596,23.3565125658285,2.49632874535559
2020-04-07,447,10,NA,326.285714285714,6.85714285714286,NA,39.2857142857143,1,NA,NA,1775.99563326714,1976.37225664377,162.570722368684,64.5064935064935,2570.88103059541,878.51448181463,2906.12278883717,980.756157432246,48.6967551802653,16.8563875396141,233.061290228343,80.6741930551364,NA,NA,NA,2.47723631694771,24.1653070819361,2.33992211258317,0.102169359134359,0.150233187044159,0.0507005842320878,9.68298775888952,24.1653070819361,2.33992211258317
2020-04-08,519,12,NA,370.428571428571,8,NA,44.1428571428572,1.14285714285714,NA,NA,1865.65779079426,2153.18592932239,176.813672678627,86.008658008658,2677.26943076678,922.720622284583,3159.60276410011,1068.49828071638,50.309766268035,17.4147315175751,253.479975262942,87.7421232841307,2.3121387283237,21.0526315789474,0.557313692077506,2.76215251254613,24.9657486743632,2.48552573754014,0.11130981309643,0.163336936370203,0.0552364486042436,9.95574929164427,24.9657486743632,2.48552573754014
2020-04-09,568,14,NA,416.428571428571,9.28571428571429,NA,46,1.28571428571429,NA,NA,1935.44769794906,2331.77237327374,178.586443951344,107.510822510823,2749.56923814301,957.065345276549,3415.62418319796,1157.12012508321,51.9059384609422,17.9672467100966,256.021419097843,88.6218443668324,2.46478873239437,18.2072829131653,0.600401658432226,2.91339623061023,25.7578341234751,2.46561681316936,0.120541911182839,0.176572066658014,0.0598177905117849,9.57230446186572,25.7578341234751,2.46561681316936
2020-04-10,635,15,NA,467.285714285714,10.5714285714286,NA,50.8571428571428,1.28571428571428,NA,NA,1996.76222652766,2523.38560315103,191.613229877297,129.012987012987,2804.05705853411,987.276206934241,3690.32079479784,1252.2063895336,53.4852674580332,18.5139316284032,274.696611599885,95.0862644503879,2.36220472440945,20.7282913165266,0.594439469784919,2.86927570786434,26.5415612949639,2.62766666906277,0.1304474342099,0.190772618537446,0.0647333132169427,9.90020190575773,26.5415612949639,2.62766666906277
2020-04-11,699,17,NA,521.285714285714,12.1428571428571,NA,54.0000000000001,1.57142857142857,NA,NA,2106.86175375537,2721.06521695883,197.679613807794,86.008658008658,2939.9302879836,1041.4083031525,3973.71417076749,1350.30303999461,55.0477511171117,19.0547855309731,283.393375969644,98.0966504610108,2.43204577968526,18.3982683982684,0.624755330892064,2.96368989829263,27.3169291257847,2.70437666114704,0.140666561395467,0.205422753150705,0.0698044590383522,9.90000768151331,27.3169291257847,2.70437666114704
2020-04-12,791,17,NA,582.285714285714,13.4285714285714,NA,61,1.28571428571429,NA,NA,2193.7690615064,2938.27122600857,217.20600904974,129.012987012987,3031.10790126946,1084.31934094088,4285.10057526213,1458.08948057568,56.5933893643306,19.5898083922444,311.386404494646,107.786440581074,2.14917825537295,18.9134808853119,0.578571503186017,2.7189128352736,28.0839375792919,2.89530014342707,0.151895113440834,0.221519998638453,0.0753765224593613,10.309457118512,28.0839375792919,2.89530014342707
2020-04-13,814,17,NA,639,14.5714285714286,NA,56.7142857142857,1.14285714285714,NA,NA,2238.74488581253,3134.9050589727,196.633832964131,150.515151515152,3056.44893289481,1106.56620541932,4566.99472044059,1555.66717212179,58.1221842981244,20.1190009385903,281.894145178461,97.5776915461106,2.08845208845209,19.6911196911197,0.54228117535307,2.53178081474346,28.8425876968136,2.58524304982638,0.162060178564848,0.236092629912645,0.0804208404908268,8.96328772314383,28.8425876968136,2.58524304982638
2020-04-14,897,20,NA,703.285714285714,16,NA,64.2857142857143,1.42857142857143,NA,NA,2304.03487187899,3352.13876798288,217.233709010185,150.515151515152,3111.03622019733,1138.74985049204,4878.42083558194,1663.4673585479,59.6341401782084,20.6423646445118,311.426115141348,107.800186426106,2.22965440356745,19.5121951219512,0.596634011426526,2.79771366803485,29.5928815921936,2.87150585659614,0.173290162570817,0.252191928258255,0.0859936145088264,9.70337041915082,29.5928815921936,2.87150585659614
2020-04-15,901,20,NA,757.857142857143,17.1428571428571,NA,54.5714285714286,1.14285714285714,NA,NA,2310.77167611668,3532.03574538075,179.896977397864,172.017316017316,3075.89612621897,1142.09292627917,5136.32103464387,1752.73954282052,61.1292632930044,21.1599016867468,257.900199061931,89.2721842726244,2.21975582685905,17.8571428571429,0.566245684975196,2.60540052648049,30.3348223860022,2.36851499237324,0.182590009211126,0.265524182832364,0.0906085759995059,7.80791035732695,30.3348223860022,2.36851499237324
2020-04-16,952,21,NA,812.714285714286,18.1428571428571,NA,54.8571428571428,1,NA,NA,2292.82104898596,3708.60459876951,176.568853388764,193.519480519481,2999.64051330996,1133.32902753117,5389.45003711949,1840.36017683299,62.6075621061313,21.671614994978,253.129002475612,87.6206340124695,2.20588235294118,16.7989417989418,0.566250713461544,2.57122737444053,31.0684142782306,2.37397439103836,0.191717807141488,0.278609788478929,0.0951381599348737,7.64112072229886,31.0684142782306,2.37397439103836
2020-04-17,1066,24,NA,874.285714285714,19.4285714285714,NA,61.5714285714287,1.28571428571428,NA,NA,2291.67529317122,3902.26403775997,193.659438990454,193.51948051948,2947.60023939872,1132.76045697648,5667.08009287857,1936.4618533245,64.0690473041564,22.1775082683619,277.630055759084,96.1016764915034,2.25140712945591,13.3990147783251,0.615027578035873,2.68566252289114,31.7936625719874,2.68539990387204,0.201729109772084,0.292961985934641,0.100106174774117,8.44633902310442,31.7936625719874,2.68539990387204
2020-04-18,1249,24,NA,952.857142857143,20.4285714285714,NA,78.5714285714286,1,NA,NA,2295.83109648812,4143.94365060067,241.679612840707,236.523809523809,2891.71301327251,1135.11059782762,6013.55184111134,2056.39308977176,65.5137317841089,22.6775859712067,346.471748232767,119.931236447268,1.92153722978383,11.8770764119601,0.579158454447641,2.45837962686577,32.5105736673021,3.42855790080906,0.214222834614036,0.310872982385895,0.106306068304709,10.5459797712559,32.5105736673021,3.42855790080906
2020-04-19,1474,28,NA,1050.42857142857,22,NA,97.5714285714284,1.57142857142857,NA,NA,2394.46056784007,4437.66403104354,293.720380442865,193.519480519481,2982.83433081781,1183.9106147606,6434.62920261269,2202.14906803664,66.9416306164221,23.1718533201448,421.07736150135,145.75597826488,1.89959294436906,10.4761904761905,0.630962592123398,2.59320923328501,33.2191550427358,4.2499388457392,0.229406827879307,0.332640746037686,0.113840982255897,12.7936406511856,33.2191550427358,4.2499388457392
2020-04-20,1648,33,NA,1169.57142857143,24.2857142857143,NA,119.142857142857,2.28571428571428,NA,NA,2571.41022328742,4788.91671679391,351.252685750375,172.017316017316,3192.20682057025,1271.14449318882,6938.18484254827,2376.45491209322,68.3527610836646,23.6603162975391,503.555639935587,174.305844056578,2.00242718446602,9.87224157955865,0.689091123348933,2.74458418278902,33.9194152746005,4.97577015906238,0.247564976819467,0.358672257483854,0.122851793008157,14.6693869370011,33.9194152746005,4.97577015906238
2020-04-21,1685,33,NA,1282.14285714286,26.1428571428571,NA,112.571428571428,1.85714285714286,NA,NA,2679.77556082695,5114.16084221223,325.244125418318,215.021645021645,3291.74766626072,1324.70387658652,7404.45462596768,2537.85425252637,69.7471428751312,24.1429817188415,466.269783419404,161.39934043315,1.95845697329377,9.37019969278034,0.645267151701963,2.46793304343969,34.6113641335238,4.3778093575584,0.264378602766957,0.38277626157293,0.131195396861798,12.6484729069215,34.6113641335238,4.3778093575584
2020-04-22,1813,38,NA,1412.42857142857,28.7142857142857,NA,130.285714285714,2.57142857142857,NA,NA,2874.32031067114,5483.29433664517,369.133494432938,172.017316017316,3526.46835834641,1420.52522398504,7933.64418252223,2721.03327983896,71.1247986175778,24.6198574163062,529.189556554555,183.179027312586,2.09597352454495,8.94526034712951,0.693014047158545,2.55861171226858,35.2950128478205,4.86181522301549,0.283461107307516,0.410132928654257,0.140664910393203,13.7747914351091,35.2950128478205,4.86181522301549
2020-04-23,2202,47,NA,1591,32.4285714285714,NA,178.571428571429,3.71428571428572,NA,NA,3216.53116480941,5979.73462801288,496.440291367708,150.515151515152,3979.04032062136,1588.97679714495,8645.34068692173,2967.38710863797,72.4857532931286,25.0909520374983,711.696504399493,246.353828799013,2.13442325158946,8.90894819466248,0.785988056724493,2.85291778364059,35.9703738146352,6.21265048881901,0.309124787946125,0.446924365848452,0.153400270710107,17.2715716312004,35.9703738146352,6.21265048881901
2020-04-24,2424,50,NA,1785,36.1428571428571,NA,194,3.71428571428572,NA,NA,3548.81007874925,6509.24730818648,529.512680173598,193.519480519481,4406.05048070788,1752.64366958341,9404.44974810714,3230.15279955118,73.8300344028073,25.5562751019006,759.109061185418,262.765690913214,2.06270627062706,8.66735183281946,0.76813796792014,2.75664117904627,36.6374606810923,6.0313443213723,0.336498159032969,0.486166814245348,0.166984048843428,16.4622275688404,36.6374606810923,6.0313443213723
2020-04-25,2719,50,NA,1995,39.8571428571429,NA,210,3.71428571428571,NA,NA,3957.63934376248,7072.30601042914,563.058702242669,150.515151515152,4954.12655691713,1954.15400302714,10211.6503664409,3509.56538863401,75.1576729915159,26.0158373557094,807.200618333793,279.412589082828,1.83891136447223,8.91658676893576,0.706982983008197,2.52988776946854,37.2962888529327,5.91747911816509,0.365605705230186,0.527895375041922,0.181428395076634,15.8661266663533,37.2962888529327,5.91747911816509
2020-04-26,3030,56,NA,2217.28571428571,43.8571428571429,NA,222.285714285714,4,NA,NA,4302.89687897335,7658.08735516382,585.781344734679,236.52380952381,5388.54336756049,2124.26139429182,11051.4261514433,3800.25387549483,76.4687025228298,26.4696503823453,839.775785002335,290.688486860818,1.84818481848185,8.45031654280209,0.731253084521677,2.60079722969503,37.9468749361411,5.61662681992932,0.395887907575022,0.571307922188249,0.196455653383093,14.8012816190013,37.9468749361411,5.61662681992932
2020-04-27,3358,56,NA,2461.57142857143,47.1428571428571,NA,244.285714285714,3.28571428571429,NA,NA,4588.61759822968,8291.1284207405,633.041065576681,344.034632034632,5708.99007397871,2265.54385647918,11958.9534439421,4114.39455465318,77.7631585123599,26.9177264755413,907.527292498806,314.140679158354,1.66765932102442,8.29979879275654,0.675420728738375,2.4016066337289,38.5892365550057,5.67724189719393,0.428613220206932,0.618222910779012,0.212695282207951,14.7119738953103,38.5892365550057,5.67724189719393
2020-04-28,3517,56,NA,2723.28571428571,50.4285714285714,NA,261.714285714286,3.28571428571428,NA,NA,4973.04405526372,8958.3687305884,667.240309847892,279.528138528139,6187.92633496463,2455.59221646814,12915.508752547,4445.50628735966,79.0410788452165,27.3600787492327,956.555308604971,331.111732706472,1.59226613591129,7.94150731158605,0.625113809044137,2.21924068719703,39.2233925096563,5.70355809063595,0.463106476533823,0.667672422392125,0.229812236475431,14.54120539714,39.2233925096563,5.70355809063595
2020-04-29,3851,56,NA,3014.42857142857,53,NA,291.142857142857,2.57142857142857,NA,NA,5314.04222120259,9688.97728613766,730.608555549265,387.038961038962,6575.98566331682,2624.80935144533,13962.9087402399,4808.06391642922,80.3025047052588,27.7967214592172,1047.39998769285,362.557629069559,1.45416774863672,7.58226037195994,0.577976378168633,2.05801756058562,39.8493632371961,5.85442398414806,0.50087557982275,0.721818186248191,0.248554799009786,14.6913750899904,39.8493632371961,5.85442398414806
2020-04-30,4281,70,NA,3311.42857142857,56.2857142857143,NA,297,3.28571428571428,NA,NA,5485.62849265988,10422.9055489369,733.92826279928,559.056277056276,6676.19240038283,2710.17332288815,15015.0678582583,5172.26891902134,81.5474795475594,28.2276696474734,1052.15911801839,364.205002592123,1.63513197850969,7.11576666064656,0.671597758142781,2.38235324841301,40.4671703017964,5.58897057891788,0.538816296713875,0.776209975261594,0.267382523181322,13.8111108690662,40.4671703017964,5.58897057891788
2020-05-01,5008,73,NA,3680.57142857143,59.5714285714286,NA,369.142857142857,3.28571428571428,NA,NA,5821.95078414109,11321.5698317601,898.6642828232,559.056277056277,7012.56459709898,2877.28599599698,16303.3924359268,5618.22262327947,82.7760490871912,28.652939138279,1288.32457766854,445.953704258131,1.45766773162939,7.31835731835732,0.644786907511843,2.32861916475142,41.0768363891325,6.72927842667807,0.585273108452826,0.84281043274877,0.290436279382605,16.3821571954001,41.0768363891325,6.72927842667807
2020-05-02,5317,73,NA,4051.71428571429,62.8571428571429,NA,371.142857142857,3.28571428571428,NA,NA,6150.1011914033,12212.0622303643,890.492398604203,559.056277056276,7337.22158549272,3040.34344836555,17580.0018052729,6060.12110679734,83.9882622335011,29.0725468616104,1276.60936934611,441.898483517874,1.37295467368817,7.00748526835483,0.597769636470499,2.17771414170682,41.6783857700081,6.37489507150424,0.631307471348565,0.908805267827311,0.313280399315829,15.2954298588351,41.6783857700081,6.37489507150424
2020-05-03,5661,78,NA,4427.57142857143,66,NA,375.857142857143,3.14285714285715,NA,NA,6434.04073498396,13101.2052371485,889.143006784116,602.060606060606,7587.11258474979,3181.67757203286,18854.6766873139,6501.34996730675,85.1841700525223,29.4865104939808,1274.67488204096,441.228860509411,1.37784843667197,7.32519422863485,0.595365072053303,2.20835817140326,42.2718437854622,6.11140478482453,0.677272076891145,0.974700098806141,0.336089902818162,14.4573719864475,42.2718437854622,6.11140478482453
2020-05-04,6037,78,NA,4810.28571428571,69.1428571428571,NA,382.714285714286,3.14285714285714,NA,NA,6829.34613937099,13994.2032822281,892.998045079674,494.549783549784,8024.96606203459,3377.91612931192,20134.8781499467,6944.49185433877,86.3638254279117,29.8948483410744,1280.20146263278,443.141887032019,1.29203246645685,7.26290516206483,0.55737363840538,2.10321693571431,42.8572366785126,5.94828009447689,0.72343597018975,1.04088062859266,0.358998300996417,13.8792724799542,42.8572366785126,5.94828009447689
2020-05-05,6373,78,NA,5218.28571428571,72.2857142857143,NA,408,3.14285714285715,NA,NA,7270.99696553541,14933.5467490852,939.343466857063,494.549783549784,8529.26030822438,3597.15316657074,21481.5203814844,7410.63222135055,87.5272833836537,30.2975794494498,1346.64223153777,466.140367011775,1.22391338459124,6.78102385419459,0.522313964060669,1.99883962861659,43.4345917542943,5.97422546677906,0.771995708717354,1.11049584066466,0.383095614852221,13.7545154058274,43.4345917542943,5.97422546677906
2020-05-06,6689,78,NA,5623.71428571429,75.4285714285714,NA,405.428571428571,3.14285714285714,NA,NA,7802.1612614544,15854.892863186,921.346114100807,387.03896103896,9190.18945771684,3860.45059376147,22802.361618889,7867.84157120508,88.674602030243,30.6947239340616,1320.84123740455,457.209349854536,1.16609358648527,6.03911700789203,0.491961697080343,1.88226497695483,44.0039378495943,5.57597711653316,0.819625066851771,1.17877725996217,0.406731236182082,12.6715238428512,44.0039378495943,5.57597711653316
2020-05-07,7334,91,NA,6059.85714285714,78.4285714285714,NA,436.142857142858,3,NA,NA,8283.2715791156,16833.552964397,978.66010121098,494.549783549784,9750.99086451354,4099.34099844405,24205.3681538908,8353.49244849775,89.8058415078342,31.0863026124314,1403.00653500183,485.650877292668,1.24079629124625,5.32079860438069,0.540587006156486,2.05062842440104,44.5653048083989,5.59003401527057,0.87021729461401,1.25130624738374,0.431837153718231,12.5434487754813,44.5653048083989,5.59003401527057
2020-05-08,7818,91,NA,6461.28571428571,81,NA,401.428571428572,2.57142857142857,NA,NA,8675.86652259971,17723.2691200023,889.716155605329,494.549783549783,10184.7108555848,4294.52237748772,25480.8647017386,8795.00572872295,90.9210638519904,31.4723369581768,1275.4965478478,441.513280225201,1.16398055768739,4.91504854368932,0.513449293038711,1.90022097650766,45.1187234152734,4.8462633132866,0.916211529315548,1.31724355470711,0.454661360412227,10.741120185514,45.1187234152734,4.8462633132866
2020-05-09,8093,91,NA,6857.85714285714,83.5714285714286,NA,396.571428571428,2.57142857142857,NA,NA,9047.19631898701,18591.7201285108,868.451008508513,494.549783549784,10587.9451445132,4479.15112714501,26725.8755474436,9225.96637956177,92.0203335964784,31.8528493096685,1245.01084570495,430.960650838811,1.12442851847275,4.9597286986011,0.489465199405887,1.77937305469329,45.664225694493,4.57097879563491,0.961106453680445,1.38160489139021,0.476940044683529,10.009962765636,45.664225694493,4.57097879563491
2020-05-10,8171,91,NA,7216.42857142857,85.4285714285714,NA,358.571428571428,1.85714285714286,NA,NA,9348.38920403817,19367.8177754667,776.097646955917,473.04761904762,10895.9831748293,4629.26295624666,27838.4886693348,9611.09754271283,93.1037170915168,32.2278626340428,1112.61312189119,385.13116315106,1.11369477420144,4.71200063036798,0.46985159120647,1.65958627082704,46.2018445717301,3.96334913665757,1.00122713385525,1.43912187446158,0.496849555146217,8.57832216293516,46.2018445717301,3.96334913665757
2020-05-11,8407,98,NA,7555,88.2857142857143,NA,338.571428571428,2.85714285714286,NA,NA,9596.98633991097,20092.3196732443,724.501897777558,473.047619047618,11129.0535700227,4752.770879741,28877.1341561032,9970.62480025658,94.171282278988,32.59740044939,1038.64548676846,359.52725754375,1.16569525395504,4.00934215648112,0.487748560612942,1.63886871402128,46.7316137625053,3.62171441941841,1.03868055101325,1.49281507086939,0.515435461405069,7.7500185536199,46.7316137625053,3.62171441941841
2020-05-12,8532,100,NA,7863.42857142857,91.4285714285714,NA,308.428571428572,3.14285714285714,NA,NA,9773.50545938038,20745.0292689042,652.70959565989,473.04761904762,11258.916849609,4840.36683376342,29812.8582415504,10294.5258026141,95.2230987813093,32.9614868555183,935.72408544712,323.901002357539,1.17205813408345,3.77180575200377,0.482043185882101,1.53627593584028,47.2535678162889,3.21381167569103,1.07242263622277,1.54118770401851,0.532179654065436,6.80119333863661,47.2535678162889,3.21381167569103
2020-05-13,8912,103,NA,8181,95,NA,317.571428571428,3.57142857142857,NA,NA,9961.7104407077,21409.8532978506,664.824028946372,473.047619047618,11405.7188020712,4933.54589001822,30765.9495713019,10624.4384786326,96.2592381729588,33.3201466279415,953.091329751594,329.912676018499,1.15574506283662,3.49393159249724,0.481086902217778,1.45638494499689,47.7677422512427,3.24931473006239,1.1067909819361,1.59045814385083,0.549234622614909,6.80230887177016,47.7677422512427,3.24931473006239
2020-05-14,9260,103,NA,8456.14285714286,96.7142857142857,NA,275.142857142857,1.71428571428571,NA,NA,10078.40941292,21979.8120103226,569.958712472031,451.545454545456,11454.8662159925,4992.10434883893,31583.0420401683,10907.275132942,97.2797736611058,33.67340510733,817.092468866369,282.836654309429,1.11231101511879,3.19189061763319,0.468611833220535,1.34498335188809,48.2741733957367,2.76200882830163,1.13625522693882,1.63269806784134,0.563855977277908,5.72149447491409,48.2741733957367,2.76200882830163
2020-05-15,9610,113,NA,8712.14285714286,99.8571428571429,NA,256,3.14285714285715,NA,NA,10213.1092582182,22504.6936738026,524.881663480013,387.038961038959,11547.4241665073,5058.66001857874,32335.5120785952,11167.7427253457,98.2847799365791,34.021288147923,752.470038426898,260.467592403616,1.17585848074922,2.97370884029609,0.502117476637959,1.36290254191851,48.7728983143926,2.5400877456365,1.16338919575408,1.67159730928507,0.57732095428398,5.2079811602726,48.7728983143926,2.5400877456365
2020-05-16,10220,123,NA,9016,104.428571428571,NA,303.857142857143,4.57142857142857,NA,NA,10438.2929210224,23121.4877262172,616.794052414629,387.038961038961,11770.3190913262,5170.24593141278,33219.7476627548,11474.6691322721,99,34.3638220741745,884.2355841596,306.926406926408,1.20352250489237,2.96925139120192,0.531972689026111,1.37301783057909,49.2639547459321,2.97517307977485,1.19527461250249,1.71730822364025,0.593187638402657,6.03923875501785,49.2639547459321,2.97517307977485
2020-05-17,10220,123,NA,9308.71428571429,109,NA,292.714285714286,4.57142857142857,NA,NA,10742.5947508922,23709.8891231866,588.401396969341,279.52813852814,12134.9462197384,5323.56784008055,34063.2795530717,11770.3401279431,99,34.7010337219534,843.531890316866,295.670995670995,1.20352250489237,2.83043365359647,0.51877087809624,1.26948383062039,49.7473811622406,2.80424020817225,1.22569225950195,1.76091494416233,0.608472469507108,5.63695042303629,49.7473811622406,2.80424020817225
2020-05-18,10625,123,NA,9625.57142857143,112.571428571429,NA,316.857142857143,3.57142857142857,NA,NA,10939.8777788627,24340.7868697718,630.897746585233,430.04329004329,12306.0858330996,5428.08850321023,34967.7341847479,12090.3978480008,99,35.0329504388637,904.454631676235,320.057720057721,1.15764705882353,2.62955918176661,0.505324666199475,1.18009320359374,50.2232167688268,2.94954539598024,1.25830677239609,1.80767109031538,0.625017982142381,5.87286182914827,50.2232167688268,2.94954539598024
2020-05-19,10854,123,NA,9957.28571428571,115.857142857143,NA,331.714285714284,3.28571428571429,NA,NA,11117.9229432727,24995.1653675151,654.378497743328,473.04761904762,12438.1987925704,5526.70553279719,35905.8508072224,12425.4627830657,99,35.3596000505054,938.116622474474,335.064935064935,1.13322277501382,2.31344135098129,0.492095163970615,1.08642177567064,50.6915014564545,3.03216263869526,1.29213513217042,1.85616740662892,0.64233929879662,5.98158874322777,50.6915014564545,3.03216263869526
2020-05-20,11122,138,NA,10273,120.857142857143,NA,315.714285714286,5,NA,NA,11192.5735992398,25612.3701360363,617.204768521166,537.554112554111,12405.8436919149,5575.65181625475,36790.6751937464,12744.366101969,99,35.6810108901463,884.824386523971,318.90331890332,1.24078403164898,2.273032590881,0.538802146256022,1.13003027168396,51.1522758436789,2.83969288607481,1.32404178105324,1.90190875935926,0.658825134199664,5.55143952400414,51.1522758436789,2.83969288607481
2020-05-21,11427,138,NA,10582.5714285714,125.857142857143,NA,309.571428571429,5,NA,NA,11529.4273685554,26212.2498793779,599.879743341597,258.025974025973,12822.9847788708,5662.77880038174,37650.6624345484,13057.0645146675,99,35.9972118054583,859.987240802046,312.698412698413,1.20766605408244,2.22323163499634,0.526471404152795,1.053338204402,51.6055812865057,2.76586978379079,1.3550528057875,1.94636614584661,0.674990204479482,5.35962295018853,51.6055812865057,2.76586978379079
2020-05-22,11662,147,NA,10875.7142857143,130.714285714286,NA,293.142857142857,4.85714285714286,NA,NA,11614.7015414438,26775.428814171,563.178934793148,473.04761904762,12822.7826709418,5712.88269648563,38458.0354181946,13353.1684107713,99,36.3082321406152,807.372983646157,296.103896103896,1.26050420168067,2.16521924323813,0.54901081517768,1.05043493391783,52.0514598527246,2.54256692817719,1.3841665674548,1.98810361713737,0.690297414546019,4.88470863981611,52.0514598527246,2.54256692817719
2020-05-23,11963,147,NA,11124.7142857143,134.142857142857,NA,249,3.42857142857142,NA,NA,11397.58019096,27249.8052991851,474.37648501408,688.069264069265,12331.8302007479,5621.82427120164,39138.1012630189,13604.6835622865,99,36.6141016925064,680.065844824378,251.515151515152,1.22878876535986,2.10486202954428,0.539453395670302,0.984360932268183,52.4899542591385,2.14383877420995,1.40868965074509,2.02325989465609,0.703299591517741,4.08427615054422,52.4899542591385,2.14383877420995
2020-05-24,12134,147,NA,11398.1428571429,137.571428571429,NA,273.428571428571,3.42857142857144,NA,NA,11222.7544020813,27766.4773458042,516.672046619075,688.069264069261,11901.5126223411,5555.44117059298,39878.8019996305,13880.874038477,99,36.9148507505749,740.700736611572,276.190476190475,1.21147189714851,2.05668154539436,0.529415374407273,0.927158582959108,52.9211079286746,2.39901021951344,1.43539922011304,2.0615507173063,0.717577369328341,4.53317316450094,52.9211079286746,2.39901021951344
2020-05-25,12362,147,NA,11646.2857142857,141,NA,248.142857142857,3.42857142857142,NA,NA,11146.9381258401,28231.6437535458,465.166407741577,537.554112554113,11652.7668472953,5509.23337838519,40545.6642831927,14131.5233891263,99,37.2105100647389,666.862283562194,250.649350649352,1.18912797281993,1.92255249522771,0.520692317044194,0.873255933022015,53.3449649443974,2.21107366460452,1.45944618475243,2.09602443141223,0.730534788375892,4.14485064072428,53.3449649443974,2.21107366460452
2020-05-26,12619,147,NA,11898.4285714286,144.428571428571,NA,252.142857142857,3.42857142857142,NA,NA,11117.9618066018,28700.6457892858,469.002035739977,494.549783549784,11482.4941852252,5394.63741878923,41218.0253207564,14386.2131438161,99,37.5011107211862,672.361037563642,254.689754689754,1.16491005626436,1.8473851551365,0.512183597119186,0.82941808875484,53.7615698714471,2.2619968381785,1.48369143372472,2.13078240581906,0.743701077736242,4.20745168265324,53.7615698714471,2.2619968381785
2020-05-27,12984,153,NA,12164.4285714286,146.571428571429,NA,266,2.14285714285717,NA,NA,10854.2811225362,29191.6837199388,491.037930653089,752.57575757576,10907.2517293454,5290.24158070918,41921.9770040707,14654.9000125029,99,37.7866842717978,703.95168331435,268.686868686869,1.17837338262477,1.81108894812095,0.524121874804694,0.822946983616492,54.1709679425813,2.39252999444144,1.50907583715219,2.16717347137061,0.757590953537359,4.41661825426953,54.1709679425813,2.39252999444144
2020-05-28,13249,163,NA,12424.7142857143,150.142857142857,NA,260.285714285716,3.57142857142856,NA,NA,10575.0817604179,29668.6315439677,476.947824028837,752.575757575756,10575.0817604179,5178.64516542856,42605.7291189667,14917.8148754178,99,38.0672627718742,683.752114896022,262.914862914864,1.23028153068156,1.83750896026015,0.549401814365589,0.841602300732468,54.5732051122596,2.39800585025094,1.5337318468476,2.2025203121041,0.771182443177335,4.39409868460632,54.5732051122596,2.39800585025094
2020-05-29,13648,164,NA,12708.4285714286,152.571428571429,NA,283.714285714284,2.42857142857144,NA,NA,10357.7209740817,30184.7729221337,516.141378165983,731.073593073594,10357.7209740817,5084.93953772293,43345.6690896018,15204.3949619979,99,38.3428787433658,739.93997063503,286.580086580087,1.20164126611958,1.8148141854577,0.543320303992558,0.816232285107372,54.9683280039307,2.68286291849275,1.56041398309631,2.24077180665101,0.785997316077989,4.88073179819639,54.9683280039307,2.68286291849275
2020-05-30,13905,170,NA,12985.8571428571,155.857142857143,NA,277.428571428572,3.28571428571428,NA,NA,10339.5514743256,30685.9410847152,501.168162581518,516.051948051947,10339.5514743256,4957.31327509667,44064.143467342,15484.6258422288,99,38.6135650795451,718.474377740204,280.230880230882,1.22258180510608,1.82673632040721,0.553999629767515,0.819473415999571,55.3563837733702,2.67847766133185,1.5863220729399,2.27791362873509,0.800483964201388,4.83859493643051,55.3563837733702,2.67847766133185
2020-05-31,14101,170,NA,13266.8571428571,159.142857142857,NA,281,3.28571428571428,NA,NA,10324.3634456811,31190.0907184084,504.14963369321,516.051948051951,10324.3634456811,4835.86594464934,44786.8920802824,15768.4642260672,99,38.8793551407575,722.748612940421,283.838383838385,1.20558825615205,1.78571428571429,0.545044903956198,0.794026925990507,55.7374202459495,2.71772612017823,1.6123842911324,2.31527640912788,0.8151571036755,4.87593330276539,55.7374202459495,2.71772612017823
2020-06-01,14345,170,NA,13550.1428571429,162.428571428571,NA,283.285714285714,3.28571428571428,NA,NA,10309.8880402235,31694.9529752884,504.862256880057,516.051948051943,10309.8880402235,4686.01313079652,45510.6623093967,16054.6114122144,99,39.1402827707324,723.7702291143,286.147186147187,1.1850819100732,1.75408824436902,0.536362998022252,0.77343700628632,56.1114859400187,2.7438633242278,1.63848334866732,2.35269200237988,0.829949597614069,4.89000856601237,56.1114859400187,2.7438633242278
2020-06-02,14616,170,NA,13835.4285714286,165.714285714286,NA,285.285714285714,3.28571428571431,NA,NA,10295.6718976556,32200.0744950582,505.121519769793,516.051948051947,10295.6718976556,4572.8948046782,46234.8042176344,16342.7788003817,99,39.3963822615891,724.141908237762,288.167388167387,1.16310892172961,1.7243942321986,0.527949089142915,0.755397973703124,56.4786300167395,2.7671147991087,1.66459580890165,2.39012680973375,0.844846526709037,4.89938899238369,56.4786300167395,2.7671147991087
2020-06-03,14885,170,NA,14107,168.142857142857,NA,271.571428571429,2.42857142857142,NA,NA,10376.6062277109,32677.8659679706,477.791472912399,394.428571428572,10376.6062277109,4450.35223613562,46919.7657870647,16617.0933746963,99,39.6476883801409,684.961569430256,274.314574314572,1.14208935169634,1.64523343584009,0.520229809886075,0.735246805971048,56.8389023177946,2.63773097805967,1.6892954313656,2.4255361737061,0.859027329017266,4.64070220634355,56.8389023177946,2.63773097805967
2020-06-04,15139,187,NA,14377,171.571428571429,NA,270,3.42857142857144,NA,NA,10307.7146262813,33149.9570505237,472.091082553059,537.554112554106,10307.7146262813,4364.65093743433,47596.5552802896,16889.8206474236,99,39.8942363471751,676.789493224926,272.727272727276,1.23522029196116,1.67878110148169,0.564103294960516,0.788700440682902,57.1923533356837,2.60201351942698,1.71370036985598,2.46052307891043,0.873126075131182,4.54957114294587,57.1923533356837,2.60201351942698
2020-06-05,15406,187,NA,14628.1428571429,174.857142857143,NA,251.142857142857,3.28571428571428,NA,NA,10375.3659997625,33586.4309348275,436.473884303778,365.536796536802,10375.3659997625,4278.90201968541,48222.2839794346,17143.5003011032,99,40.1360617606364,625.72869914498,253.679653679654,1.21381280020771,1.64571428571429,0.556772466722834,0.768257825847982,57.5390341035989,2.43646167707945,1.73626406294988,2.49287037581703,0.886240146913332,4.23443896274459,57.5390341035989,2.43646167707945
2020-06-06,15572,187,NA,14866.2857142857,177.285714285714,NA,238.142857142857,2.42857142857142,NA,NA,10289.8371728791,33997.8804629224,411.449528094963,494.549783549784,10289.8371728791,4211.87893166232,48812.1377765051,17384.0486416516,99,40.3732006686417,589.853797070456,240.548340548339,1.20087336244541,1.63336755376556,0.550034288766734,0.748144680182968,57.8789963000988,2.29527791288432,1.75753411187932,2.52336310522419,0.898675390178886,3.9656386878726,57.8789963000988,2.29527791288432
2020-06-07,15664,187,NA,15089.5714285714,179.714285714286,NA,223.285714285716,2.42857142857144,NA,NA,10176.4302347931,34381.4518798147,383.571416892286,494.549783549777,10176.4302347931,4120.70577148916,49362.0255300508,17609.5897671927,99,40.6056895877266,549.887753545765,225.541125541127,1.1938202247191,1.61584504328615,0.543897915229657,0.730115951810696,58.2122922752674,2.169969341223,1.77736299063149,2.55178977392829,0.910334829425473,3.7276723668987,58.2122922752674,2.169969341223
2020-06-08,15786,188,NA,15295.4285714286,182.285714285714,NA,205.857142857141,2.57142857142856,NA,NA,10030.9672860432,34733.1101431861,351.658263371333,494.549783549784,10030.9672860432,4054.2137079971,49866.1626058209,17817.5262751292,99,40.8335654628616,504.137075770101,207.936507936509,1.19092867097428,1.59521934265962,0.541270272731052,0.717221912903807,58.538974993392,2.02288719298311,1.79554210606997,2.57785134293391,0.92108419088058,3.45561513475539,58.538974993392,2.02288719298311
2020-06-09,15918,189,NA,15481.4285714286,185,NA,186,2.71428571428572,NA,NA,9849.71213752468,35049.1190639316,316.008920745546,494.549783549788,9849.71213752468,3986.66392444732,50319.1928053522,18005.405063008,99,41.0568655671214,453.03019953124,187.878787878788,1.18733509234828,1.58634882524438,0.539243225072942,0.705871048085589,58.8590978891301,1.85426302462303,1.81187831439549,2.60127092140604,0.930796660425722,3.15033347965586,58.8590978891301,1.85426302462303
2020-06-10,16058,191,NA,15649,188,NA,167.571428571429,3,NA,NA,9764.36570760473,35332.3094305484,283.190366616844,365.536796536791,9764.36570760473,3851.49942228282,50725.1743453387,18174.6691322721,99,41.2756276004552,405.981539986518,169.264069264071,1.18943828621248,1.57151216250104,0.540581702918238,0.700922439272297,59.1727150091065,1.7012873403952,1.82651795435857,2.6222583004898,0.939546834601184,2.87511312678841,59.1727150091065,1.7012873403952
2020-06-11,16315,212,NA,15817,191.571428571429,NA,168,3.57142857142858,NA,NA,9527.19077786526,35614.7578774324,282.448446883915,516.051948051954,9527.19077786526,3728.33924912265,51130.0922696404,18344.366101969,99,41.4898896584337,404.917924301713,169.696969696972,1.29941771376034,1.57879865313523,0.59525885513414,0.763510607988721,59.4798809671085,1.72054682824704,1.84111924048248,2.64319069553271,0.948319387738732,2.89264510713621,59.4798809671085,1.72054682824704
2020-06-12,16522,215,NA,15976.4285714286,195.571428571429,NA,159.428571428571,4,NA,NA,9295.33024838266,35881.4471314995,266.689254067176,494.549783549784,9295.33024838266,3571.80678159018,51512.4178245578,18505.405063008,99,41.6996900620501,382.325554917406,161.038961038961,1.30129524270669,1.5820371183581,0.599195453884735,0.761556790234706,59.780650700089,1.67341085239746,1.85490584879196,2.66295516894873,0.956644361634568,2.79924334764851,59.780650700089,1.67341085239746
2020-06-13,16640,215,NA,16129,199.571428571429,NA,152.571428571429,4,NA,NA,9179.76136878103,36135.4150484347,253.967916935166,365.536796536791,9179.76136878103,3392.63362141702,51876.5060781812,18659.5176171206,99,41.9050675359684,364.088253623442,154.112554112555,1.29206730769231,1.58151540194491,0.594984171931666,0.749112063813776,60.075079723703,1.64138217692117,1.8680348224591,2.68177685773535,0.964611272137034,2.73220972411771,60.075079723703,1.64138217692117
2020-06-14,16730,215,NA,16281.2857142857,203.571428571429,NA,152.285714285714,4,NA,NA,9062.50684558745,36387.6973217779,252.282273343219,365.536796536799,9062.50684558745,3229.17186095526,52238.1777941608,18813.3415709445,99,42.1060612586975,361.671715979508,153.823953823954,1.28511655708308,1.5678637443887,0.590859042546018,0.736511131261498,60.3632242042374,1.65893403805518,1.88107665610243,2.70047362263601,0.972563263331444,2.74824435198492,60.3632242042374,1.65893403805518
2020-06-15,16851,220,NA,16433.4285714286,208.142857142857,NA,152.142857142859,4.57142857142856,NA,NA,8921.7704006604,36638.5712664613,250.873944683342,387.038961038961,8921.7704006604,3071.28008606348,52597.8305310169,18967.0212246242,99,42.3027107961984,359.652736856122,153.679653679654,1.30556050086048,1.57100805451624,0.60046009545516,0.74152392122963,60.6451408634304,1.67882174553118,1.89404568562895,2.71906601559841,0.980507794871825,2.76826212611904,60.6451408634304,1.67882174553118
2020-06-16,17038,231,NA,16593.4285714286,214.142857142857,NA,160,6,NA,NA,8769.8649795224,36901.2069708644,262.635704403117,408.541125541124,8769.8649795224,2936.46767625107,52974.3449195634,19128.6373862403,99,42.4950559307002,376.514388546573,161.616161616163,1.35579293344289,1.5690420365098,0.625995784317808,0.765286525745615,60.9208867330617,1.79337177476043,1.90762274405732,2.73853007843037,0.988862607383775,2.94376219750821,60.9208867330617,1.79337177476043
2020-06-17,17231,234,NA,16761,220.285714285714,NA,167.571428571428,6.14285714285714,NA,NA,8586.02861448556,37175.0589175159,273.851946651477,451.545454545456,8586.02861448556,2853.58888837229,53366.9389062801,19297.9014555044,99,42.6831368388601,392.593986716704,169.264069264071,1.35801752655098,1.58421944829712,0.629454281482647,0.762564196268227,61.1905194103629,1.91077029880841,1.92177963064234,2.75882538256046,0.997612781559237,3.12264723905009,61.1905194103629,1.91077029880841
2020-06-18,17414,239,NA,16918,224.142857142857,NA,157,3.85714285714286,NA,NA,8300.09259580846,37430.53415425,255.475236734157,537.554112554117,8300.09259580846,2738.46046124386,53733.1880526647,19456.4873140903,99,42.8669941076531,366.249146384573,158.585858585859,1.37245894108189,1.58955291924585,0.638516135022516,0.766269012032537,61.4540970807972,1.82855812681713,1.93498652581307,2.77775877956795,1.00581094133659,2.97547618584852,61.4540970807972,1.82855812681713
2020-06-19,17588,244,NA,17070.2857142857,228.285714285714,NA,152.285714285714,4.14285714285714,NA,NA,7940.65881755331,37677.3038391983,246.769684948318,602.060606060604,7940.65881755331,2591.38967822571,54086.9569252227,19610.3112679142,99,43.0466686298913,353.768872557928,153.823953823954,1.38730952922447,1.59139570781258,0.647604725224924,0.769838655984879,61.7116783682754,1.83475351516233,1.94774338398096,2.79604700379768,1.013762932531,2.97309556610172,61.7116783682754,1.83475351516233
2020-06-20,17707,244,NA,17222.7142857143,232.428571428571,NA,152.428571428572,4.14285714285714,NA,NA,7580.45341471072,37923.3018995592,245.998060360871,602.060606060608,7580.45341471072,2444.46319535187,54439.6195972341,19764.2795218825,99,43.2222017031659,352.662672011473,153.968253968258,1.37798610718925,1.59023379466729,0.64340389095401,0.757762222063948,61.9633224769997,1.91960297111485,1.96046035270528,2.81427804254501,1.02172238337944,3.09795529581346,61.9633224769997,1.91960297111485
2020-06-21,17812,244,NA,17377.2857142857,236.571428571429,NA,154.571428571428,4.14285714285717,NA,NA,7222.72076283067,38171.7727108826,248.470811323408,602.060606060604,7222.72076283067,2299.70121464251,54795.8272035446,19920.4122780152,99,43.3936350131442,356.207606310483,156.132756132753,1.36986301369863,1.58932770286482,0.639215793953516,0.746682785954131,62.2090891675176,2.03908665969028,1.9733051512857,2.83269233809748,1.0297937290383,3.2777829732615,62.2090891675176,2.03908665969028
2020-06-22,17963,249,NA,17536.1428571429,240.714285714286,NA,158.857142857145,4.14285714285714,NA,NA,6784.88748631172,38426.1515555758,254.378844693165,688.069264069261,6784.88748631172,2116.87511259085,55225.921595591,20080.874038477,99,43.5610105090224,430.094392046354,160.461760461763,1.38618270890163,1.59002764855199,0.647996195090916,0.751132194893949,62.4490385781717,2.19941736639489,1.98645536802866,2.8549262407719,1.03808886431802,3.52192550489064,62.4490385781717,2.19941736639489
2020-06-23,18099,256,NA,17687.7142857143,244.285714285714,NA,151.571428571428,3.57142857142856,NA,NA,6120.03053294245,38667.9569398689,241.805384293075,903.090909090908,6120.03053294245,1821.27831757301,56671.8280361256,20233.9764915794,99,43.7243705247593,1445.90644053469,153.102453102456,1.4144427868943,1.5856530850689,0.662046873586045,0.76221257476495,62.6832313989,2.23396586386449,1.99895559467645,2.92967295607367,1.04600355724229,3.56388200660526,62.6832313989,2.23396586386449
2020-06-24,18221,257,NA,17829.1428571429,247.571428571429,NA,141.428571428572,3.28571428571431,NA,NA,5416.95652132797,38892.7617161332,224.804776264304,924.593073593071,5416.95652132797,1505.12364517774,58122.2021609159,20376.8336344366,99,43.8837578087365,1450.37412479027,142.857142857145,1.41046045771363,1.58984991376463,0.660791336639366,0.755929477075138,62.9117289137569,2.31092368372448,2.01057696805085,3.00465063011091,1.05338861473053,3.67326233185016,62.9117289137569,2.31092368372448
2020-06-25,18346,260,NA,17962.2857142857,250.571428571429,NA,133.142857142855,3,NA,NA,5044.28540941299,39103.6490457766,210.887329643461,580.558441558445,5044.28540941299,1350.45778138405,59010.5957913656,20511.3213689243,99,44.0392154847157,888.393630449689,134.487734487731,1.41720265998038,1.59966438056326,0.66489958442403,0.756221700319309,63.134592944941,2.45790347344712,2.02147887342156,3.05057649634232,1.06034101228512,3.89309622134021,63.134592944941,2.45790347344712
2020-06-26,18524,266,NA,18096,253.714285714286,NA,133.714285714286,3.14285714285714,NA,NA,4628.64577315871,39314.715037228,211.065991451353,623.56277056277,4628.64577315871,1175.02969818905,60073.1475009406,20646.3863039893,99,44.1907869645758,1062.551709575,135.064935064936,1.43597495141438,1.60721072921757,0.676591448642369,0.765839853970532,63.3518857276963,2.65082236448038,2.03239001478633,3.10550553455841,1.06732324845582,4.18425950001736,63.3518857276963,2.65082236448038
2020-06-27,18775,267,NA,18248.5714285714,257,NA,152.571428571428,3.28571428571428,NA,NA,4241.82658260124,39554.744331519,240.029294291016,623.56277056277,4241.82658260124,1018.50637689881,61342.1702883824,20800.4988581018,99,44.3385160239406,1269.02278744179,154.112554112551,1.42210386151798,1.61452443774344,0.675013843503072,0.761788048118918,63.5636700187306,3.29626374727699,2.04479842574674,3.17110817823243,1.07529015895829,5.18573479273213,63.5636700187306,3.29626374727699
2020-06-28,18899,267,NA,18403.8571428571,260.285714285714,NA,155.285714285714,3.28571428571428,NA,NA,3858.48710213215,39798.2533358984,243.509004379404,623.562770562778,3858.48710213215,864.724758350272,62428.5267592904,20957.3531149561,99,44.4824468144561,1086.35647090799,156.854256854258,1.4127731626012,1.62090991584079,0.670883713781387,0.75568227580717,63.7700091138171,3.66084652600305,2.05738672172046,3.22726781316508,1.0833988028873,5.74066383048775,63.7700091138171,3.66084652600305
2020-06-29,19042,269,NA,18558,263.142857142857,NA,154.142857142859,2.85714285714289,NA,NA,3473.02471179882,40039.210858985,240.957523086574,623.56277056277,3473.02471179882,778.499278499319,63471.2230970088,21181.3349390793,99,44.6226238440712,1042.69633771837,223.981824123268,1.41266673668732,1.61288910292894,0.671841413027338,0.75530486807115,63.9709668195249,3.99493359020878,2.06984311784199,3.28117041994289,1.0949776334196,6.24487050775481,63.9709668195249,3.99493359020878
2020-06-30,19177,274,NA,18712,265.714285714286,NA,154,2.57142857142856,NA,NA,3172.89939218072,40279.2110804924,240.000221507435,537.554112554106,3172.89939218072,777.77777777781,64379.1120779069,21421.3351605868,99,44.7590919707805,907.888980898169,240.000221507435,1.42879491056995,1.60824528334515,0.680251655009948,0.763625834253104,64.1666074442481,4.43421154743974,2.08225002587316,3.328104106161,1.10738454145076,6.91040926636911,64.1666074442481,4.43421154743974
2020-07-01,19310,276,NA,18867.5714285714,268.428571428571,NA,155.571428571428,2.71428571428572,NA,NA,2917.36728489194,40520.9430424677,241.731961975296,494.549783549788,2917.36728489194,785.714285714312,65233.4446023145,21663.0671225621,99,44.891896391101,854.332524407575,241.731961975296,1.42931123770067,1.61315247252747,0.68112926125816,0.763793634665767,64.3569957816864,4.90317537106672,2.09474645692469,3.37226916980877,1.11988097250229,7.61864566431005,64.3569957816864,4.90317537106672
2020-07-02,19452,282,NA,19025.5714285714,271.571428571429,NA,158,3.14285714285711,NA,NA,2707.48006004589,40765.74412931,244.801086842264,451.545454545456,2707.48006004589,797.979797979831,66024.8177065444,21901.0394017449,99,45.0210826402937,791.373104229941,237.972279182814,1.44972239358421,1.62326018273418,0.691757273227956,0.774987209292916,64.5421971111628,5.41589450347636,2.10740154762129,3.41317952089448,1.1321830452389,8.3911644622193,64.5421971111628,5.41589450347636
2020-07-03,19660,284,NA,19187.8571428571,274.142857142857,NA,162.285714285714,2.57142857142861,NA,NA,2482.60267545342,41016.4857923365,250.741663026572,473.047619047618,2482.60267545342,819.624819624849,66872.6891161347,22151.7810647715,99,45.1466966178809,847.87140959024,250.741663026572,1.44455747711088,1.6268640267216,0.692404516169111,0.775139395951206,64.7222772342049,5.99403887475031,2.12036373879433,3.4570105746117,1.14514523641194,9.26107145632395,64.7222772342049,5.99403887475031
2020-07-04,19827,284,NA,19338.1428571429,276.571428571429,NA,150.285714285717,2.42857142857139,NA,NA,2217.19899116471,41248.0604630262,231.574670689646,494.549783549781,2217.19899116471,759.018759018811,67576.9338720904,22337.3640482041,99,45.2687845255427,704.244755955689,185.582983432629,1.43239017501387,1.62326228765952,0.688517221929916,0.769622522711071,64.8973023855136,6.05362347316643,2.13233508458537,3.49341679067138,1.15473902342236,9.32789902223689,64.8973023855136,6.05362347316643
2020-07-05,19929,284,NA,19485.2857142857,279,NA,147.142857142855,2.42857142857144,NA,NA,1946.3599848696,41474.1998117094,226.139348683246,494.549783549781,1946.3599848696,743.145743145767,68379.6071998575,22563.5033968873,99,45.3873928658579,802.673327767159,226.139348683246,1.42505895930553,1.6191747431954,0.684763060624061,0.763953059577229,65.0673392311579,6.63651388201406,2.14402544921803,3.53491131136025,1.16642938805502,10.1993257972959,65.0673392311579,6.63651388201406
2020-07-06,20046,284,NA,19628.7142857143,281.142857142857,NA,143.428571428572,2.14285714285717,NA,NA,1734.04686180688,41694.0728358329,219.873024123437,430.043290043301,1734.04686180688,724.386724386761,69066.576651063,22758.8528636278,99,45.5025685054624,686.969451205456,195.349466740459,1.41674149456251,1.61446455233064,0.6811519736108,0.758738838269433,65.2324549591193,7.36917283138257,2.15539187368088,3.57042447358897,1.17652805735025,11.2966268230267,65.2324549591193,7.36917283138257
2020-07-07,20201,284,NA,19775,282.571428571429,NA,146.285714285714,1.42857142857139,NA,NA,1569.28270292612,41917.7762094196,223.703373586766,387.038961038954,1603.50511201919,738.816738816771,69752.2303867445,22965.4805150073,99,45.6143585665005,685.653735681481,206.627651379524,1.40587099648532,1.60661489976932,0.67751685724249,0.75376943427819,65.3927171236753,8.43622318947212,2.16695630960064,3.60586961937422,1.18720975693894,12.9006532933987,65.3927171236753,8.43622318947212
2020-07-08,20425,284,NA,19934.2857142857,283.714285714286,NA,159.285714285714,1.14285714285717,NA,NA,1402.60421830134,42160.7817074788,243.005498059196,408.541125541124,1741.86268243982,804.473304473337,70584.9872245644,23208.4860130665,99,45.7228103832529,832.756837819907,243.005498059196,1.39045287637699,1.60227190215331,0.673611798686412,0.748879938651389,65.5481935832225,10.1504036858071,2.17951857661253,3.6489193192214,1.19977202395082,15.4851320036907,65.5481935832225,10.1504036858071
2020-07-09,20623,284,NA,20101.5714285714,284,NA,167.285714285714,0.285714285714278,NA,NA,1273.12314589353,42504.6339684043,343.852260925523,473.047619047618,1825.14857951239,844.877344877375,71471.2767846406,23482.3379589485,99,45.8279715316146,886.289560076213,273.851945882019,1.37710323425302,1.59443072086234,0.668162441326069,0.744005268372126,65.6989525425355,11.9270286197699,2.1972941576133,3.69473641468814,1.21392891049605,24.5152735489384,65.6989525425355,11.9270286197699
2020-07-10,20777,286,NA,20261.1428571429,284.285714285714,NA,159.571428571431,0.285714285714278,NA,NA,1211.71901139164,42830.5545092271,325.920540822801,387.038961038968,1737.11964906385,815.005826253982,72040.302799247,23643.5212201318,99,45.9298899351675,569.02601460641,161.183261183265,1.37652211580113,1.58261823907874,0.667747600462156,0.744284786329325,65.8450627048328,12.533849482017,2.21414275112733,3.72415244349935,1.22226134404592,25.6000797624378,65.8450627048328,12.533849482017
2020-07-11,20998,286,NA,20428.4285714286,284.571428571429,NA,167.285714285714,0.285714285714278,NA,NA,1267.57350683617,43252.2315154942,421.677006267026,365.536796536791,1817.19262028328,853.966865215007,72740.9435360342,23862.9387574816,99,46.0286137029441,700.640736787202,219.417537349855,1.36203447947424,1.57230470507447,0.66123755926338,0.73963049158441,65.9865930391941,13.8056442217414,2.23594151365659,3.7603723483378,1.23360422193672,34.7999001668493,65.9865930391941,13.8056442217414
2020-07-12,21172,286,NA,20606,284.857142857143,NA,177.571428571428,0.285714285714278,NA,NA,1342.7232813113,43693.2038007918,440.972285297648,365.536796536799,1924.92729196559,905.914917163056,73469.2459732843,24095.3433078185,99,46.1241911090867,728.302437250066,232.404550336876,1.35084073304364,1.56334527664312,0.654564039991082,0.735355339606454,66.1236127514013,14.0087591201046,2.2587377534001,3.79802223591322,1.24561846869009,34.7886953237374,66.1236127514013,14.0087591201046
2020-07-13,21399,288,NA,20799.2857142857,285.428571428571,NA,193.285714285714,0.571428571428612,NA,NA,1458.62379157837,44132.2082071628,439.004406370972,322.532467532474,2091.08219407464,985.279996528134,74183.2799962724,24334.2540370225,99,46.2166706869347,714.034022988169,238.910729203966,1.34585728305061,1.55580819485758,0.652584612689416,0.73650415505431,66.2561914188207,14.3950427507409,2.28143226285059,3.83493451207152,1.25796905497819,32.6950766759806,66.2561914188207,14.3950427507409
2020-07-14,21717,288,NA,21015.8571428571,286,NA,216.571428571428,0.571428571428555,NA,NA,1631.19221197434,44520.3697011518,388.161493989028,215.021645021632,2338.47617820754,1102.88461413275,74796.1172038486,24603.2872260557,99,46.3061010819103,612.837207576114,269.033189033191,1.32615002072109,1.54394299287411,0.646894897623792,0.732550139883467,66.3843987795,14.8476451333724,2.3014984274854,3.8666153781337,1.27187683394897,26.6114879127948,66.3843987795,14.8476451333724
2020-07-15,21979,291,NA,21237.8571428571,287,NA,222,1,NA,NA,1791.96779733476,44854.1626025296,333.792901377739,172.017316017322,2524.10404582527,1174.84132408946,75274.6425073637,24827.5296502981,99,46.3925310467836,478.525303515184,224.242424242424,1.32399108239683,1.52862849533955,0.648769218096135,0.73568924516627,66.5083047253817,13.6096681511946,2.31875398584629,3.89135293626597,1.28346913630931,20.4631250031367,66.5083047253817,13.6096681511946
2020-07-16,22134,299,NA,21453.7142857143,289.142857142857,NA,215.857142857145,2.14285714285717,NA,NA,1959.51294467955,45178.1363213029,323.973718773355,154.28571428571,2832.1240036107,1236.45027069841,75739.0910365777,25045.5671683356,99,46.4760095639549,464.448529214002,218.037518037519,1.35086292581549,1.52993733606464,0.661824555739835,0.751289252511741,66.6279794776054,12.045806798877,2.33550193761104,3.91536278988599,1.29474067354641,18.0792154443406,66.6279794776054,12.045806798877
2020-07-17,22361,301,NA,21680,291.285714285714,NA,226.285714285714,2.14285714285711,NA,NA,2137.83652320044,45517.1741855381,339.037864235179,158.571428571428,3157.45419702296,1304.30741355555,76225.1355157043,25274.1385969071,99,46.5565856631812,486.044479126547,228.571428571428,1.34609364518581,1.52970126187225,0.661288855000219,0.751763068108657,66.7434933252012,11.5480497398292,2.35302863643751,3.94048905482733,1.3065567655276,17.3021497589864,66.7434933252012,11.5480497398292
2020-07-18,22481,301,NA,21891.8571428571,293.428571428571,NA,211.857142857141,2.14285714285717,NA,NA,2301.29884602665,45834.0650797929,316.890894254786,151.285714285717,3458.32022182031,1364.87595612409,76679.4301119302,25488.1357109042,99,46.6343083578736,454.294596225896,213.997113997113,1.33890841154753,1.5301067499013,0.656716787995974,0.74728375240144,66.8549165337661,9.90987648611805,2.36941043873851,3.96397399679541,1.3176194324519,14.8229712990583,66.8549165337661,9.90987648611805
2020-07-19,22583,301,NA,22093.4285714286,295.571428571429,NA,201.571428571431,2.14285714285711,NA,NA,2459.0353042884,46135.0872523403,301.022172547462,141.142857142855,3746.57971382422,1425.19774544588,77110.9753182198,25691.7432145117,99,46.7092266658478,431.545206289651,203.607503607505,1.3328610016384,1.53066508840719,0.652431842934752,0.742825752314153,66.9623193752114,8.75902079527388,2.384971901085,3.98628289989598,1.32814500428615,13.0805337632354,66.9623193752114,8.75902079527388
2020-07-20,22847,313,NA,22300.2857142857,299.142857142857,NA,206.857142857141,3.57142857142861,NA,NA,2631.33166429077,46443.5264694856,308.43921714522,132.571428571428,4039.23784428717,1498.00149724964,77553.1535952029,25900.6898234583,99,46.7813896848313,442.178276983104,208.946608946608,1.36998292992515,1.53785141447079,0.673936765343708,0.767801512483511,67.0657722360096,8.41211777601387,2.40091679053672,4.00914148386498,1.33894658331946,12.5430983689954,67.0657722360096,8.41211777601387
2020-07-21,23190,313,NA,22510.7142857143,302.714285714286,NA,210.428571428572,3.57142857142856,NA,NA,2807.91669989258,46756.8257908017,313.299321316103,133.142857142862,4338.86341717893,1573.84132408946,78002.2993146148,26113.2439360124,99,46.8508464700725,449.145719411899,212.554112554113,1.34971970677016,1.53974712977765,0.669420976950868,0.763107794228633,67.1653454417354,7.99702930105519,2.41711292502935,4.03236025257416,1.34993465370348,11.9064930342237,67.1653454417354,7.99702930105519
2020-07-22,23486,313,NA,22726,305.857142857143,NA,215.285714285714,3.14285714285711,NA,NA,2973.27699632296,47076.9003729463,320.074582144669,151.571428571428,4539.16903290401,1636.5873558355,78461.158043893,26330.7042534727,99,46.9176460093421,458.858729278203,217.460317460318,1.33270884782424,1.54262945910699,0.664869601695084,0.758823557972056,67.2611092212279,7.66708982823988,2.43365930935699,4.05608113923707,1.36117635232447,11.3990056099924,67.2611092212279,7.66708982823988
2020-07-23,23818,316,NA,22966.5714285714,308.285714285714,NA,240.571428571428,2.42857142857144,NA,NA,3005.49522299689,47434.0796385813,357.179265634979,322.532467532474,4805.13529305739,1764.29298354112,79276.8605677827,26619.8126738744,99,46.9818372651332,815.702523889646,289.108420401652,1.32672768494416,1.54692013791818,0.666187691229021,0.761919461821138,67.3531337670875,8.09111213906768,2.45212383522924,4.09824920946267,1.37612192845947,12.0129831857813,67.3531337670875,8.09111213906768
2020-07-24,24174,316,NA,23225.5714285714,310.428571428571,NA,259,2.14285714285717,NA,NA,3064.85649562518,47818.1162358849,384.036597303602,322.532467532459,4997.64856603729,1864.79206674697,80018.8243902131,26881.4288354905,99,47.0434690962732,741.963822430422,261.616161616163,1.30718954248366,1.54858112056556,0.660837408234955,0.75790149176413,67.4414891233001,8.61753838405891,2.47197676166997,4.13660532784258,1.38964628121319,12.7778142638558,67.4414891233001,8.61753838405891
2020-07-25,24395,316,NA,23499,312.571428571429,NA,273.428571428572,2.14285714285711,NA,NA,3145.10309553614,48223.0381604712,404.921924586291,322.532467532474,5147.3545294611,1979.86546452714,80717.9809030875,27157.619311681,99,47.1025902275469,699.156512874382,276.190476190477,1.29534740725559,1.54730671041745,0.655288451441924,0.753856784819109,67.5262451416879,8.92140417949884,2.49290936350921,4.17274850512857,1.40392405902379,13.2117743576015,67.5262451416879,8.92140417949884
2020-07-26,24618,316,NA,23789.7142857143,314.714285714286,NA,290.714285714286,2.14285714285717,NA,NA,3250.43096321604,48653.0413528264,430.003192355223,322.532467532466,5327.13698172627,2112.39917976762,81447.2139048032,27451.2701053318,99,47.159249261283,729.233001715707,293.650793650795,1.28361361605329,1.54082881622661,0.649496909573244,0.749511719665163,67.6074714985204,9.24338234946663,2.5151385515789,4.21044649860853,1.41910445497185,13.6721493475215,67.6074714985204,9.24338234946663
2020-07-27,24899,317,NA,24082.8571428571,315.285714285714,NA,293.142857142855,0.571428571428555,NA,NA,3145.40260374737,49086.1385344833,433.097181656878,537.55411255412,5349.31468777597,2142.97461185433,82382.1425266038,27747.3740014357,99,47.2134947240869,934.928621800631,296.103896103894,1.27314349973895,1.52880625653743,0.645803498633949,0.745801034860436,67.6852377615099,9.0185717984679,2.53752768467062,4.25877800994433,1.43441166503838,13.324300271505,67.6852377615099,9.0185717984679
2020-07-28,25157,321,NA,24363.8571428571,316.428571428571,NA,281,1.14285714285717,NA,NA,3021.40693832918,49500.8398387621,414.701304278773,537.554112554106,5217.45309381385,2160.7131031041,83163.603276964,28031.2123852741,99,47.2653749824346,781.460750360202,283.838383838385,1.27598680287793,1.52297526798177,0.64847384619248,0.749464964155077,67.7596132688074,8.9336595971066,2.55896583547846,4.29917593790783,1.4490848045125,13.1843632285643,67.7596132688074,8.9336595971066
2020-07-29,25422,324,NA,24640.4285714286,318,NA,276.571428571431,1.57142857142856,NA,NA,2954.52592482494,49908.5778728769,407.738034114802,473.047619047611,5167.54039412907,2205.34456270549,83917.9799545686,28310.5774646392,99,47.314938224313,754.376677604596,279.365079365081,1.27448666509323,1.51442994570912,0.649187001130881,0.749094297906766,67.830667102682,9.15371381542867,2.58004401723302,4.33817374383112,1.46352669471172,13.4949724561194,67.830667102682,9.15371381542867
2020-07-30,25766,328,NA,24918.7142857143,319.714285714286,NA,278.285714285714,1.71428571428572,NA,NA,2997.13050200782,50318.4335323108,409.855659433961,365.536796536799,5182.71952607574,2304.55617398476,84555.1554235116,28591.6741457358,99,47.362232485065,637.175468943024,281.096681096678,1.27299542032135,1.51008069957626,0.65184859101264,0.750688829080682,67.8984681265729,9.41894528301739,2.60123167048063,4.37111278610881,1.47805810075929,13.8721293995159,67.8984681265729,9.41894528301739
2020-07-31,26211,332,NA,25209.7142857143,322,NA,291,2.28571428571428,NA,NA,3100.48593885847,50746.6071509797,428.173618668836,322.532467532474,5314.02260302067,2437.23563237099,85236.05190705,28885.6135396752,99,47.4073055920603,680.896483538338,293.939393939396,1.2666437755141,1.50474321229964,0.654230930182671,0.752285039628077,67.9630849057681,9.70926730997718,2.62336627800235,4.40631200383011,1.4932534160154,14.2861186185252,67.9630849057681,9.70926730997718
2020-08-01,26391,332,NA,25494.8571428571,324.285714285714,NA,285.142857142855,2.28571428571428,NA,NA,3194.84393313578,51165.7833270752,419.176176095498,322.532467532466,5365.35991144401,2563.99878484091,85836.9826220667,29173.6366276983,99,47.4502051596607,600.93071501673,288.023088023085,1.25800462278807,1.49323439833179,0.648871136942639,0.745726062538539,68.0245857001886,9.19669589067868,2.64503575910951,4.43737735896805,1.50814288545634,13.5196928598176,68.0245857001886,9.19669589067868
2020-08-02,26702,332,NA,25792.5714285714,326.571428571429,NA,297.714285714286,2.28571428571428,NA,NA,3307.30688946913,51603.0644652267,437.281138151535,322.532467532474,5495.13622524867,2703.46035000924,86516.3523424648,29474.3581284198,99,47.4909786257613,679.369720398085,300.721500721502,1.24335255786083,1.48583388039232,0.643372643544691,0.740176564975659,68.0830385167724,9.31856618297247,2.66764118351592,4.47249765005443,1.52368880445179,13.6870891756624,68.0830385167724,9.31856618297247
2020-08-03,26956,332,NA,26086.4285714286,328.714285714286,NA,293.857142857145,2.14285714285717,NA,NA,3569.71414981707,52034.3288684318,431.264403205067,166.714285714275,5944.53947255321,2831.4286039775,87134.6127326265,29771.1835252452,99,47.5296731819251,618.260390161682,296.825396825399,1.23163674135628,1.4851101731015,0.638040323032624,0.734868737477007,68.1385110093156,8.88506890239972,2.68993557038803,4.50445886972275,1.53903331278847,13.0397455578817,68.1385110093156,8.88506890239972
2020-08-04,27178,332,NA,26375.1428571429,330.285714285714,NA,288.714285714286,1.57142857142856,NA,NA,3819.51557030878,52457.7190335123,423.390165080476,172.017316017329,6258.04249518628,2963.05919560809,87741.5846197284,30062.8141168758,99,47.5663357479018,606.971887101943,291.630591630594,1.22157627492825,1.47706146543408,0.632890651970407,0.729395016146421,68.1910704419435,8.08786505254666,2.71182289535156,4.53583652568271,1.55410927358012,11.8606181702861,68.1910704419435,8.08786505254666
2020-08-05,27489,340,NA,26670.4285714286,332.571428571429,NA,295.285714285714,2.28571428571428,NA,NA,4013.41753996981,52890.4305269828,432.711493470546,236.523809523802,6474.73274444124,3093.32759387649,88361.9195576281,30361.0825151442,99,47.6010129762332,620.334937899635,298.268398268399,1.23685837971552,1.47934446230785,0.642838405005125,0.741806338600103,68.2407836957121,7.73095650766345,2.73419209013728,4.56790498993119,1.56952837845709,11.3289626787819,68.2407836957121,7.73095650766345
2020-08-06,27821,340,NA,26964,334.285714285714,NA,293.571428571428,1.71428571428572,NA,NA,4183.58098791795,53320.3342346712,429.903707688405,258.025974025979,6651.48200276469,3212.29296184186,88978.2292555119,30657.619311681,99,47.633751274629,616.309697883888,296.536796536795,1.22209841486647,1.48025379394108,0.637655417731641,0.736966201321647,68.2877173006863,7.31473368784462,2.75641613530709,4.59976536777722,1.58485796748571,10.71166165511,68.2877173006863,7.31473368784462
2020-08-07,28104,345,NA,27234.4285714286,336.142857142857,NA,270.428571428572,1.85714285714289,NA,NA,4233.44642679188,53716.0914484369,395.757213765697,344.034632034629,6633.18729275842,3292.59599214488,89545.5865601577,30930.7794848412,99,47.6645967566117,567.357304645746,273.160173160173,1.22758326216909,1.47127787955905,0.642265642747243,0.742837648701532,68.3319373651841,6.46403150703881,2.77687496373241,4.6290951319555,1.59897909256171,9.45977178184506,68.3319373651841,6.46403150703881
2020-08-08,28245,345,NA,27499.2857142857,338,NA,264.857142857141,1.85714285714283,NA,NA,4274.92271969727,54103.4595162341,387.368067797164,344.034632034629,6602.86590811568,3343.9856025345,90100.917190167,31198.3119523736,99,47.6935952286135,555.330630009281,267.53246753247,1.22145512480085,1.45752479517033,0.637667171535455,0.737860182262139,68.3735095572794,6.25628701455817,2.79690011188095,4.6578031723487,1.6128092911306,9.15018235132629,68.3735095572794,6.25628701455817
2020-08-09,28432,345,NA,27746.4285714286,339.857142857143,NA,247.142857142859,1.85714285714283,NA,NA,4290.28489742115,54464.7134688497,361.253952615662,344.034632034636,6535.10734358785,3372.05342360232,90618.8106402912,31447.9512020129,99,47.7207921983967,517.893450124175,249.639249639251,1.2134214969049,1.44706268780185,0.63343764802383,0.732843490686275,68.4124991168731,5.78121084428078,2.8155752803364,4.68457588266235,1.62571449259995,8.45053761910446,68.4124991168731,5.78121084428078
2020-08-10,28696,348,NA,27995,342.142857142857,NA,248.571428571428,2.28571428571433,NA,NA,4328.61524159036,54827.8619948371,363.148525987395,322.532467532474,6548.68763984335,3407.13567468457,91181.9843431401,31699.0334530951,99,47.7462328472863,563.173702848915,251.082251082251,1.21271257318093,1.43648861005482,0.63471378846173,0.733649735910441,68.4489708158854,5.79380744205232,2.83434838952471,4.71368937386219,1.63869429060959,8.46443848532484,68.4489708158854,5.79380744205232
2020-08-11,29030,351,NA,28259.5714285714,344.857142857143,NA,264.571428571428,2.71428571428567,NA,NA,4475.70874878613,55214.193597271,386.331602433856,236.523809523802,6714.8638623929,3446.95097049987,91752.2338257629,31966.277320339,99,47.769962018324,570.249482622807,267.243867243873,1.20909404064761,1.42656218605586,0.635706105861426,0.734031424969839,68.4829889412743,6.11213465018161,2.8543199571792,4.74316865034485,1.65250956987042,8.92506219360618,68.4829889412743,6.11213465018161
2020-08-12,29244,356,NA,28510.2857142857,347.142857142857,NA,250.714285714286,2.28571428571433,NA,NA,4495.31657315493,55580.1217679601,365.928170689142,344.034632034629,6653.37768266734,3488.34058088948,92276.8282321179,32219.5240735858,99,47.7920242147256,524.594406355012,253.246753246753,1.21734372862809,1.42300822768132,0.640516768722196,0.738236356687738,68.5146172928232,5.60165317777652,2.87323676121894,4.77028776928745,1.66560126269049,8.17587093414839,68.5146172928232,5.60165317777652
2020-08-13,29660,360,NA,28773,350,NA,262.714285714286,2.85714285714283,NA,NA,4617.71221947026,55963.4005311586,383.278763198447,258.025974025972,6777.74667782003,3550.99426054316,92841.9005239739,32484.8920389537,99,47.8124636037755,565.072291856006,265.367965367968,1.21375590020229,1.42172394183118,0.64327756459253,0.739933188121417,68.5439191887245,5.84416314674135,2.89305051112064,4.79949940881003,1.67931956644895,8.52617956847145,68.5439191887245,5.84416314674135
2020-08-14,29988,361,NA,29042.1428571429,352.285714285714,NA,269.142857142859,2.28571428571428,NA,NA,4728.40106343485,56355.903227937,392.502696778451,279.528138528149,6863.81926124285,3615.57001811893,93404.5921550158,32756.7535108152,99,47.8313239961495,562.691631041875,271.861471861474,1.20381485927704,1.41485888704653,0.640571757921969,0.735441839138345,68.5709574359369,5.82847465046043,2.91334109598063,4.8285879791138,1.69337355463869,8.49993845704569,68.5709574359369,5.82847465046043
2020-08-15,30241,361,NA,29327.2857142857,354.571428571429,NA,285.142857142855,2.28571428571428,NA,NA,4862.2728367887,56771.5888541047,415.685626167695,279.528138528134,7029.9944296866,3692.73596328487,94047.3863710786,33044.7765988383,99,47.8486488386529,642.794216062801,288.023088023088,1.19374359313515,1.40943446584024,0.635881445783948,0.729280555998397,68.5957943197743,6.03041358723638,2.93483013170462,4.86181748478494,1.70826302407963,8.7912514313185,68.5957943197743,6.03041358723638
2020-08-16,30372,361,NA,29604.4285714286,356.857142857143,NA,277.142857142859,2.28571428571428,NA,NA,4984.34844680824,57175.4783169381,403.889462833395,279.528138528134,7132.39107410656,3756.96395751286,94626.4020631176,33324.7188787806,99,47.8644812141279,579.015692038985,279.942279942283,1.18859475833004,1.40373354911944,0.631389558297853,0.723322553729161,68.6184916037736,5.69984791448969,2.95570936001806,4.89174993399105,1.72273475289497,8.30659809497948,68.6184916037736,5.69984791448969
2020-08-17,30563,362,NA,29871.1428571429,358.857142857143,NA,266.714285714286,2,NA,NA,5026.88861379409,57564.0531159586,388.574799020498,344.034632034643,7103.65680148007,3786.08661263552,95183.462662286,33594.127248189,99,47.8788638278225,557.060599168399,269.408369408367,1.18443870038936,1.39275457136204,0.628864682740073,0.719418262032243,68.6391105101529,5.35102251914387,2.9757968906228,4.9205474058361,1.73666192696623,7.79589956776246,68.6391105101529,5.35102251914387
2020-08-18,30825,369,NA,30127.5714285714,361.428571428571,NA,256.428571428569,2.57142857142861,NA,NA,4989.26443416158,57937.5414904386,373.488374480032,408.541125541116,6995.51735554832,3786.24822879713,95771.151055182,33853.1460072077,99,47.891839001986,587.68839289606,259.018759018756,1.1970802919708,1.37891942859323,0.636892747789265,0.727142208546402,68.6577117120632,5.10112569095942,2.99510452243987,4.95092819380307,1.75005200594744,7.42981202040476,68.6577117120632,5.10112569095942
2020-08-19,31040,371,NA,30384.1428571429,363.571428571429,NA,256.571428571431,2.14285714285711,NA,NA,5016.69282352561,58311.1473689802,373.605878541523,344.034632034643,6996.3596243092,3772.12557367449,96357.9310528807,34112.3090663708,99,47.9034486748706,586.779997698643,259.163059163067,1.19523195876289,1.37763415017024,0.636241982433296,0.725093951222045,68.6743553321578,5.14245624253909,3.01441822867669,4.98126202191475,1.76344954458267,7.4881955741499,68.6743553321578,5.14245624253909
2020-08-20,31348,373,NA,30625.2857142857,365.428571428571,NA,241.142857142855,1.85714285714289,NA,NA,4935.85661172366,58662.2115900786,351.064221098473,430.043290043279,6834.78109125557,3725.98993153884,96927.9532524277,34355.8877099494,99,47.9137343886505,570.022199547093,243.578643578643,1.18986857215771,1.36854382229261,0.635843739759522,0.722825289283643,68.6891009252728,4.80679614437201,3.03256663486083,5.01072954890735,1.77604144058283,6.99792140854569,68.6891009252728,4.80679614437201
2020-08-21,31626,376,NA,30859.2857142857,367.571428571429,NA,234,2.14285714285711,NA,NA,4930.28052361079,59002.8129911433,340.601401064618,344.034632034629,6759.78362858242,3669.35356790248,97438.8935186923,34592.2513463131,99,47.922737283065,510.940266264573,236.363636363632,1.1888952127996,1.36359782078731,0.637257752535358,0.722599883916466,68.7020074693138,4.74080493570299,3.05017416135289,5.0371428115833,1.78826035388155,6.90055299126034,68.7020074693138,4.74080493570299
2020-08-22,31780,376,NA,31079.1428571429,369.714285714286,NA,219.857142857145,2.14285714285717,NA,NA,4904.06682025873,59322.7767769687,319.963785825435,344.034632034636,6632.545791386,3610.57434712326,97897.5934104336,34814.329268391,99,47.9304980915806,458.6998917413,222.077922077922,1.18313404657017,1.36034397569463,0.633820634212081,0.716767726327931,68.713133359754,4.45931020427439,3.06671481802023,5.06085548707582,1.79974076143145,6.48976836699555,68.713133359754,4.45931020427439
2020-08-23,31889,378,NA,31295.8571428571,372.142857142857,NA,216.714285714283,2.42857142857144,NA,NA,4872.9503677339,59638.1235279071,315.34675093837,344.034632034629,6599.45089914069,3552.76338031229,98450.7219614117,35033.2325872943,99,47.9370571378657,553.12855097813,218.903318903322,1.18536172347832,1.35378826855417,0.633822759066386,0.714685050270404,68.7225364045803,4.41905965748452,3.0830167952111,5.08944969010735,1.81105705659273,6.43031105603354,68.7225364045803,4.41905965748452
2020-08-24,32047,383,NA,31507.8571428571,375.142857142857,NA,212,3,NA,NA,4877.3722041076,59946.5756673111,308.452139403998,301.030303030304,6550.03034430731,3487.61908016799,98915.1219193989,35247.3740014357,99,47.9424543291744,464.399957987131,214.141414141413,1.19511966798764,1.3484161501846,0.638902215408528,0.718300073503584,68.7302738148082,4.35053375432192,3.09896235268418,5.11345703281825,1.82212718317106,6.32988469257568,68.7302738148082,4.35053375432192
2020-08-25,32348,383,NA,31725.4285714286,377.142857142857,NA,217.571428571431,2,NA,NA,4804.8633808332,60263.1058050756,316.530137764574,387.038961038968,6607.93341236743,3416.95962850855,99631.7942182283,35467.1431212048,99,47.9467291517563,716.672298829377,219.769119769124,1.18399901075801,1.3419543735513,0.635546400875578,0.713007945426649,68.7364021979016,4.46081909535708,3.11532550553325,5.15050569570785,1.83348823625651,6.48976794303294,68.7364021979016,4.46081909535708
2020-08-26,32727,386,NA,31966.4285714286,379.285714285714,NA,241,2.14285714285711,NA,NA,4830.77952078711,60613.6972697049,350.591464629237,322.532467532466,6852.08490134111,3375.25111480003,100425.396256652,35710.5774646392,99,47.9499206668273,793.6020384242,243.434343434346,1.17945427323005,1.34284196950156,0.636819757558207,0.713447907862857,68.740977551996,5.01573520203885,3.13344947238147,5.19153127244369,1.84607267260264,7.29659590380364,68.740977551996,5.01573520203885
2020-08-27,33101,391,NA,32216.8571428571,381.857142857143,NA,250.428571428569,2.57142857142856,NA,NA,4896.64218950667,60977.988509853,364.29124014813,295.857142857145,6950.28485123825,3329.78069632961,101000.500968454,35963.5356175973,99,47.952067505268,575.104711801934,252.958152958148,1.18123319537174,1.34305410402765,0.641214985202113,0.717896001093674,68.744055258299,5.18400297160292,3.15228165463816,5.2212615419526,1.85914944611464,7.54104464052985,68.744055258299,5.18400297160292
2020-08-28,33436,392,NA,32475.4285714286,384.142857142857,NA,258.571428571431,2.28571428571433,NA,NA,4947.95148315619,61354.1159853207,376.127475467692,322.532467532459,7035.12695056686,3296.96395751288,101634.936474376,36224.7188787806,99,47.9532078632813,634.435505921996,261.183261183272,1.17238904175141,1.33866342745629,0.638913940335785,0.714964957117811,68.7456900748639,5.28056920781741,3.17172571584282,5.25405894073931,1.87265141990628,7.68133469653389,68.7456900748639,5.28056920781741
2020-08-29,33753,392,NA,32757.2857142857,386.428571428571,NA,281.857142857141,2.28571428571428,NA,NA,5033.13156264797,61764.1142466307,409.998261309971,322.532467532474,7277.91264206263,3292.81099935991,102427.315572466,36509.4230634848,99,47.9533794982846,792.379098089179,284.704184704184,1.16137824785945,1.33113527877565,0.634672746110634,0.709962374637262,68.7459361307018,5.69642225413079,3.19292074095179,5.29502129708239,1.88736931730456,8.28622234283595,68.7459361307018,5.69642225413079
2020-08-30,34046,392,NA,33065.4285714286,388.428571428571,NA,308.142857142859,2,NA,NA,5113.8361557637,62212.3556362832,448.241389652532,365.536796536799,7552.03927150798,3309.20926775819,103323.724253193,36820.6784747402,99,47.9526197239661,896.408680727414,311.255411255413,1.15138342242848,1.32823338609141,0.630099915026171,0.705288127357025,68.7448469186938,6.12226860532647,3.21609275997014,5.34136150456331,1.90345979104409,8.90581507900638,68.7448469186938,6.12226860532647
2020-08-31,34287,397,NA,33385.4285714286,390.428571428571,NA,320,2,NA,NA,5125.79619641455,62677.8611314795,465.505495196303,451.545454545456,7675.78832835058,3339.87016241909,104215.704079266,37143.9107979725,99,47.9509654050499,891.979826073366,323.232323232325,1.15787324641993,1.31634717271939,0.633397491288371,0.709392203175651,68.7424752880863,6.25751239655949,3.24015725387196,5.38747276062063,1.92016941606799,9.10286291968195,68.7424752880863,6.25751239655949
2020-09-01,34574,399,NA,33703.4285714286,392.714285714286,NA,318,2.28571428571428,NA,NA,5285.10050453556,63140.4814569165,462.620325437027,301.030303030304,7825.89432273951,3390.36799791692,104878.916300762,37465.1229191846,99,47.9484529526753,663.212221495167,321.21212121212,1.15404639324348,1.30957144762667,0.631924227996669,0.708000364019019,68.7388734378667,6.20389312680611,3.26407259776203,5.42175778329915,1.93677460593549,9.02533592265384,68.7388734378667,6.20389312680611
2020-09-02,34995,399,NA,34027.4285714286,394.571428571429,NA,324,1.85714285714283,NA,NA,5432.09268780438,63611.8632505749,471.381793658424,322.532467532459,7952.50214466502,3453.06929661823,105554.688957852,37792.3956464574,99,47.945118317606,675.772657090347,327.272727272728,1.14016288041149,1.3047565509455,0.627241491776919,0.702816334813838,68.7340929070283,6.13042095751914,3.28844086927757,5.45669212275031,1.95369310127219,8.91906962325302,68.7340929070283,6.13042095751914
2020-09-03,35469,404,NA,34365.7142857143,396.428571428571,NA,338.28571428571,1.85714285714289,NA,NA,5535.40471716492,64104.0713838316,492.208133256645,387.038961038961,8101.78528454325,3548.34346689239,106362.598471356,38134.0983881601,99,47.9409969859841,807.909513504579,341.702741702735,1.13902280864981,1.30524355139132,0.630225181144886,0.706596624798705,68.7281845684833,6.22751862524347,3.31388576679954,5.49845733016801,1.97135756201174,9.06111440921661,68.7281845684833,6.22751862524347
2020-09-04,35661,404,NA,34683.5714285714,398.142857142857,NA,317.857142857145,1.71428571428572,NA,NA,5652.1872296303,64566.6028140459,462.531430214309,344.034632034643,8179.36090839117,3621.41128796022,107025.683252714,38455.1662092279,99,47.9361239759716,663.084781357102,321.067821067831,1.13289027228625,1.30269560299335,0.625710479399906,0.701826883499971,68.7211986242478,5.74223739656311,3.3377965152153,5.53273576477731,1.98795529222522,8.35587375896887,68.7211986242478,5.74223739656311
2020-09-05,35805,404,NA,34976.7142857143,399.857142857143,NA,293.142857142855,1.71428571428567,NA,NA,5733.05637485391,64993.2208770184,426.61806297252,344.034632034622,8205.45115046891,3653.51518406411,107637.2826523,38751.2701053318,99,47.9305338332356,611.599399586892,296.103896103894,1.12833403155984,1.29718456725756,0.621603291156254,0.697302629015889,68.7131845989693,5.18634411329281,3.35985070765932,5.56435264185738,2.00326250229175,7.54784025440757,68.7131845989693,5.18634411329281
2020-09-06,35886,404,NA,35239.5714285714,401.571428571429,NA,262.857142857145,1.71428571428572,NA,NA,5812.90437292223,65375.8134638313,382.592586812905,301.030303030304,8241.40085526428,3668.59887814781,108185.767155631,39016.7823708441,99,47.9242606238066,548.484503330168,265.512265512269,1.12578721506994,1.29372238586156,0.617965541986732,0.692834935048656,68.7041913296888,4.58492377857834,3.37962898539663,5.5927067689769,2.01698826570424,6.67344888654883,68.7041913296888,4.58492377857834
2020-09-07,35975,404,NA,35480.7142857143,402.571428571429,NA,241.142857142855,1,NA,NA,5861.91188979368,65726.8512837331,351.03781990175,301.030303030304,8232.82795082744,3650.46323601217,108689.014764014,39260.3610144227,99,47.9173379317897,503.247608383681,243.578643578643,1.1230020847811,1.28420131610128,0.614665075398169,0.688688661830689,68.694266962559,4.14839186203371,3.39777602676028,5.61872235660803,2.02958016170439,6.03894021613293,68.694266962559,4.14839186203371
2020-09-08,36469,407,NA,35751.4285714286,403.714285714286,NA,270.71428571429,1.14285714285717,NA,NA,5910.88211806828,66120.9990011852,394.147717452099,344.034632034636,8541.83956738126,3655.91200946095,109582.964109506,39533.8097878715,99,47.9097988566226,893.949345491535,273.448773448785,1.11601634264718,1.27652654687373,0.615538189301563,0.689797620430561,68.6834589489145,4.61817549628648,3.41815165162599,5.66493542776425,2.04371620608845,6.72387652462602,68.6834589489145,4.61817549628648
2020-09-09,36917,421,NA,36026,406.857142857143,NA,274.571428571428,3.14285714285711,NA,NA,6024.28487832691,66520.8303328724,399.831331687194,283.28571428571,8637.5613345632,3646.82831537725,110156.162067164,39811.1546652164,99,47.901676009668,573.197957658122,277.344877344876,1.1403960235122,1.2802301537355,0.632884463247531,0.709676827136399,68.671814040385,4.64516968315446,3.43882109321676,5.69456712685038,2.05805366113128,6.76432592802006,68.671814040385,4.64516968315446
2020-09-10,37373,430,NA,36298,410.571428571429,NA,272,3.71428571428572,NA,NA,6137.20100780112,66916.988886589,396.158553716639,279.528138528141,8727.44638087461,3642.57579012473,110724.094732523,40085.9021399639,99,47.8930015106703,567.932665359054,274.747474747477,1.15056324084232,1.28750173593223,0.642587192213273,0.721015307932661,68.6593782838167,4.51504362032352,3.45930066907235,5.72392663453227,2.0722568424016,6.5760262291358,68.6593782838167,4.51504362032352
2020-09-11,37851,437,NA,36610.8571428571,415.285714285714,NA,312.857142857145,4.71428571428572,NA,NA,6323.23978119325,67372.7419456954,455.753059106413,265,9154.61961706039,3688.87882042775,111593.828408269,40401.9194559812,99,47.8838069835454,869.733675746204,316.017316017314,1.15452696097857,1.29586455607612,0.648630272985232,0.728982423325135,68.6461970152369,5.09770011954914,3.48286100686595,5.76888786689619,2.08859348472407,7.42607352320865,68.6461970152369,5.09770011954914
2020-09-12,38120,437,NA,36941.5714285714,420,NA,330.714285714283,4.71428571428572,NA,NA,6542.36332923724,67854.6057534797,481.863807784233,258.025974025957,9402.85884376366,3763.50508305403,112284.628074533,40735.974290036,99,47.8741235506096,690.799666263702,334.054834054841,1.14637985309549,1.29838011623593,0.644024079349382,0.725153465228793,68.6323148515793,5.23012278878359,3.50777115031987,5.8045990336337,2.10586258380011,7.62052087946128,68.6323148515793,5.23012278878359
2020-09-13,38188,437,NA,37270.4285714286,424.714285714286,NA,328.857142857145,4.71428571428572,NA,NA,6758.88247358259,68333.8651575653,479.25940408562,258.025974025979,9647.3643988843,3836.11258666153,112971.694069214,41068.153222215,99,47.8639818304196,687.065994681077,332.178932178933,1.14433853566565,1.29774890981234,0.639507217969244,0.720959155577555,68.6177756875886,5.02656415597164,3.53254665807654,5.84011718671624,2.12303470737378,7.32547827088496,68.6177756875886,5.02656415597164
2020-09-14,38642,437,NA,37651.4285714286,429.428571428571,NA,381,4.71428571428572,NA,NA,7069.39768392748,68889.2375107673,555.372353202023,240.142857142855,10192.9417902401,3976.10392865288,113777.396002694,41453.0017070635,99,47.8534119347502,805.701933480363,384.848484848488,1.13089384607422,1.29732809108055,0.634351628484344,0.716652042284714,68.6026226914869,5.63700886673878,3.56125685536698,5.88176827239622,2.14292960466786,8.21692573251158,68.6026226914869,5.63700886673878
2020-09-15,38970,437,NA,38008.7142857143,433.714285714286,NA,357.28571428571,4.28571428571428,NA,NA,7353.17897286759,69410.1616568503,520.92414608298,232.857142857145,10643.5551839135,4099.85573240469,114524.192546551,41813.8963679581,99,47.842443464004,746.796543856559,360.894660894664,1.12137541698743,1.29714764240425,0.629590811444064,0.712258652874331,68.5868982983939,5.05396135863751,3.58818623872783,5.92037422025503,2.16158619939321,7.36872035459709,68.5868982983939,5.05396135863751
2020-09-16,39419,439,NA,38366.1428571429,436.285714285714,NA,357.428571428572,2.57142857142856,NA,NA,7398.81588776049,69931.4176193622,521.255962511932,473.047619047611,10645.9336430827,4225.16107367996,115331.860383009,42174.9353289971,99,47.8311055004408,807.66783645851,361.038961038961,1.11367614602095,1.29258351638585,0.627757901876784,0.710768713118797,68.5706442006196,4.86085697301119,3.61513277547251,5.96212693408058,2.18025025377258,7.08885183449646,68.5706442006196,4.86085697301119
2020-09-17,39921,442,NA,38730.1428571429,438,NA,364,1.71428571428572,NA,NA,7369.01437686655,70462.3866712388,530.969051876629,559.056277056283,10715.5570385643,4315.56823877885,116351.864730872,42542.6120966739,99,47.8194266068452,1020.00434786254,367.67676767677,1.1071866937201,1.28649474240733,0.627285025218163,0.710469802146857,68.5539013457552,4.91969149392542,3.64258143428061,6.01485646931113,2.19925745223727,7.17640579156708,68.5539013457552,4.91969149392542
2020-09-18,40387,442,NA,39092.4285714286,438.714285714286,NA,362.285714285717,0.714285714285722,NA,NA,7187.32963372188,70990.9876423799,528.600971141044,709.571428571428,10698.5826429424,4331.05583222135,117539.681544041,42908.557262619,99,47.8074348228784,1187.81681316937,365.945165945181,1.09441156807884,1.27953535075768,0.622614242566386,0.705193176698891,68.536709931442,4.91632394742012,3.66990767420213,6.07626113746641,2.21817513485361,7.17329271062999,68.536709931442,4.91632394742012
2020-09-19,40797,442,NA,39474.8571428571,439.428571428571,NA,382.428571428572,0.714285714285722,NA,NA,7035.17810243798,71549.1218253817,558.134183001806,709.571428571428,10910.276617127,4366.88974601014,118956.166727017,43294.8487489105,99,47.7951576586781,1416.48518297577,386.291486291484,1.08341299605363,1.27097984447438,0.61775740739169,0.700026337780772,68.519109396197,5.32085478443022,3.69876064539547,6.14948690901904,2.23814462868798,7.76552922219017,68.519109396197,5.32085478443022
2020-09-20,41083,442,NA,39888.4285714286,440.142857142857,NA,413.571428571428,0.714285714285722,NA,NA,6928.63626471832,72152.8657019478,603.743876566063,709.571428571435,11237.2067640233,4434.18109125637,120487.888082705,43712.5976666594,99,47.7826220932619,1531.72135568754,417.748917748919,1.07587079814035,1.25773069622191,0.612588281421604,0.69483894577794,68.5011384171235,5.878601563809,3.72997142805177,6.22866986089308,2.25974032710056,8.5817852480073,68.5011384171235,5.878601563809
2020-09-21,41388,452,NA,40280.7142857143,442.285714285714,NA,392.28571428571,2.14285714285711,NA,NA,6789.74539501283,72725.6891179566,572.823416008803,709.571428571435,11015.5689953362,4478.54314357331,121472.470094237,44108.8458629076,99,47.7698545714931,984.582011532679,396.248196248198,1.09210399149512,1.24696414978069,0.621513533226043,0.705103420488833,68.4828349055619,5.66178387701288,3.75958376505662,6.27956822419248,2.2802245370629,8.26747709250821,68.4828349055619,5.66178387701288
2020-09-22,41785,461,NA,40682.8571428571,445.714285714286,NA,402.142857142862,3.42857142857144,NA,NA,6728.62842354465,73313.0656529819,587.376535025338,645.06493506494,11119.8857088692,4563.37103581475,122674.830763814,44515.0507691125,99,47.7568809984828,1202.36066957693,406.204906204912,1.10326672250808,1.24986479827903,0.628810152588742,0.713991413374646,68.4642359990638,5.92277702689345,3.78994843140547,6.34172474285746,2.3012234631532,8.65093609337361,68.4642359990638,5.92277702689345
2020-09-23,42278,462,NA,41091.2857142857,449,NA,408.428571428572,3.28571428571428,NA,NA,6935.02566440514,73909.7875691671,596.721916185168,387.038961038968,11315.290945496,4693.35371979744,123530.290945496,44927.6048816667,99,47.7437267302897,855.460181681745,412.55411255412,1.09276692369554,1.2540148024019,0.625086358917817,0.710843367609379,68.4453780480599,6.06999111297451,3.82079621099412,6.38594810120181,2.32255061402076,8.86840346387881,68.4453780480599,6.06999111297451
2020-09-24,42731,462,NA,41492.7142857143,451.857142857143,NA,401.428571428565,2.85714285714283,NA,NA,7212.39828364801,74496.4459026956,586.658333528583,306.428571428565,11715.6206844047,4789.55141099513,124371.323981108,45333.0882871501,99,47.7304165747101,841.033035612054,405.483405483399,1.08118227984367,1.25914602590744,0.620163813725351,0.706683367321461,68.4262966169922,5.7884025354095,3.85112374962757,6.42942564242435,2.34351224184092,8.45935346050236,68.4262966169922,5.7884025354095
2020-09-25,43162,468,NA,41889.1428571429,455.571428571429,NA,396.428571428572,3.71428571428572,NA,NA,7468.9126871125,75075.9603061601,579.514403464491,319.28571428571,12223.4121861552,4866.98431142803,125202.115482859,45733.521187583,99,47.7169747876922,830.7915017505,400.432900432905,1.08428710439739,1.26635560409014,0.623368649686922,0.71203776060976,68.4070264791733,5.49646933508726,3.88108197992151,6.47237374343254,2.36421278177008,8.03497506201743,68.4070264791733,5.49646933508726
2020-09-26,43596,469,NA,42289,459.428571428571,NA,399.857142857145,3.85714285714289,NA,NA,7732.46227928883,75660.6527554793,584.692449319176,317.285714285725,12740.4840741991,4949.73755818128,126040.330228045,46137.4172914791,99,47.7034250653817,838.214745186749,403.896103896106,1.07578676942839,1.25977836361998,0.619873055438363,0.709305677598116,68.3876016053835,5.3536019610396,3.91130789137965,6.51570559199741,2.38509235339593,7.8283476298773,68.3876016053835,5.3536019610396
2020-09-27,44063,470,NA,42714.7142857143,463.428571428571,NA,425.714285714283,4,NA,NA,8027.85668175986,76283.3328722361,622.680116756746,323.28571428571,13305.8722023889,5052.46627390999,126933.004070521,46567.4317214935,99,47.6897905436259,892.673842475459,430.014430014424,1.0666545627851,1.25532565329949,0.616124102478826,0.706545600300094,68.3680551631597,5.50552900227337,3.94349759059289,6.56185272551193,2.40732212240094,8.05280509967151,68.3680551631597,5.50552900227337
2020-09-28,44578,472,NA,43170.4285714286,466.285714285714,NA,455.71428571429,2.85714285714283,NA,NA,8355.60843546304,76950.0846259392,666.751753703182,336.142857142855,13711.5622820325,5173.78373422747,127888.858985329,47027.749181811,99,47.6760937935428,955.8549148085,460.31746031747,1.05881825115528,1.24765395950476,0.613384640568534,0.705351522615499,68.3484195104432,5.67664472461306,3.97796559081327,6.61126602998588,2.43111841875194,8.3054765441704,68.3484195104432,5.67664472461306
2020-09-29,45044,478,NA,43636,468.714285714286,NA,465.571428571428,2.42857142857144,NA,NA,8518.4978969256,77631.4546068823,681.369980943069,516.051948051929,13816.3456911156,5327.20076164449,128871.763273533,47498.0233520851,99,47.6623568127133,982.904288203994,470.27417027417,1.06118461948317,1.23831414153995,0.615729799757769,0.709485744821375,68.3287261829527,5.57194686680243,4.01318928617346,6.66207766270266,2.45542943123091,8.15464231247583,68.3287261829527,5.57194686680243
2020-09-30,45564,478,NA,44105.4285714286,471,NA,469.428571428572,2.28571428571428,NA,NA,8708.87569590675,78318.667903699,687.213296816655,494.549783549795,13960.0434193869,5509.22817867191,129856.951844295,47972.1936262554,99,47.6486010252284,985.188570762082,474.170274170276,1.04907383021684,1.23557187827912,0.610327030316388,0.704447391141887,68.3090058942525,5.51068061505201,4.04871505409919,6.71300738232551,2.47994185436864,8.06730605714742,68.3090058942525,5.51068061505201
2020-10-01,46185,493,NA,44598.8571428571,475.428571428571,NA,493.428571428572,4.42857142857144,NA,NA,8996.96015628098,79041.224225545,722.556321846074,430.043290043279,14261.7275684929,5743.21230565604,130892.808154574,48470.6063246681,99,47.6348472787747,1035.85631027819,498.4126984127,1.06744614052181,1.24496850169836,0.623725157132206,0.721457799676973,68.2892885315731,5.66579641127132,4.08606789392646,6.76655639113225,2.50570749938318,8.29678074502409,68.2892885315731,5.66579641127132
2020-10-02,46977,493,NA,45143.8571428571,479,NA,545,3.57142857142856,NA,NA,9232.63795541121,79839.529730303,798.30550475794,559.056277056283,14804.6974847842,6014.59061072608,132388.016166103,49021.1113751732,99,47.621115838583,1495.20801152939,550.50505050506,1.04944973071929,1.23958387247037,0.617488607041335,0.715641539685999,68.2696031471378,6.05758479860907,4.12733661824718,6.84385177098642,2.53416607950201,8.87305813175825,68.2696031471378,6.05758479860907
2020-10-03,47403,497,NA,45687.7142857143,483,NA,543.857142857138,4,NA,NA,9444.94005393313,80636.3902703834,796.860540080379,580.55844155846,14957.9224316704,6273.78766179531,133530.394959143,49570.4620245238,99,47.607426378237,1142.37879304006,549.350649350643,1.04845684872265,1.23941493456505,0.616347034302379,0.71603348578421,68.249977944984,5.89057722289833,4.16853064453742,6.90290750240606,2.56256498238861,8.63090856512296,68.249977944984,5.89057722289833
2020-10-04,47807,501,NA,46222.5714285714,487.428571428571,NA,534.857142857145,4.42857142857144,NA,NA,9622.34900264193,81420.2883965813,783.898126197964,602.060606060593,15055.6487188619,6512.86695092722,134654.190843404,50110.7217647836,99,47.5937979794993,1123.79588426105,540.259740259738,1.04796368732612,1.23653205669492,0.615325749719447,0.716416193258016,68.2304402807153,5.66288104513441,4.20905457362569,6.96100258287828,2.59049392707141,8.29966227124468,68.2304402807153,5.66288104513441
2020-10-05,48259,503,NA,46748.4285714286,491.857142857143,NA,525.857142857145,4.42857142857139,NA,NA,9958.80413896045,82191.2153943717,770.92699779039,430.043290043293,15426.6770400338,6770.46435352463,135759.391325748,50641.8905959524,99,47.5802491274562,1105.20048234405,531.168831168834,1.04229262935411,1.23207620765297,0.611987543421148,0.713856035485828,68.2110166545403,5.46494172559864,4.24890795501113,7.01813636656528,2.61795291355042,8.01183783272382,68.2110166545403,5.46494172559864
2020-10-06,48757,507,NA,47278.8571428571,496,NA,530.428571428572,4.14285714285717,NA,NA,10366.9732807941,82969.064189885,777.848795513302,365.536796536791,15917.3756990232,6991.67936073963,136874.514893162,51177.6770317388,99,47.5667977010374,1115.12356741435,535.786435786438,1.03985068810632,1.2281179587491,0.611071132295367,0.714175160590854,68.1917326976821,5.32621405903553,4.28911916151531,7.07578312812821,2.64565060895834,7.81066466073203,68.1917326976821,5.32621405903553
2020-10-07,49396,507,NA,47826.2857142857,500.142857142857,NA,547.428571428572,4.14285714285717,NA,NA,10821.7994406764,83772.0678389448,803.003649059799,344.034632034629,16480.6235204795,7212.06608512637,138025.700443556,51730.635184697,99,47.5534609725775,1151.18555039403,552.958152958163,1.02639889869625,1.22593047808137,0.605213662595423,0.708604084949292,68.1726131717489,5.28049239501985,4.33063075829633,7.13529412841326,2.67423600319565,7.74578681077,68.1726131717489,5.28049239501985
2020-10-08,50059,514,NA,48379.7142857143,503.142857142857,NA,553.428571428565,3,NA,NA,10964.262675326,84584.0981731615,812.030334216703,666.56709956711,16545.3267726548,7439.53812019239,139224.506259834,52289.6539437157,99,47.5402556041102,1198.80581627789,559.018759018749,1.02678838970015,1.22469843278937,0.607679234160224,0.712376417761775,68.1536819634226,5.11400418935201,4.37260899319903,7.19726687750642,2.70313470290217,7.50365351592532,68.1536819634226,5.11400418935201
2020-10-09,50059,514,NA,48820,506.142857142857,NA,440.285714285717,3,NA,NA,11069.9050247209,85230.2946351105,646.196461949003,537.554112554106,16556.5341463351,7503.84259349687,140150.893120694,52734.3869884488,99,47.5271976415029,926.386860859726,444.733044733053,1.02678838970015,1.22292175785942,0.603071950179858,0.70676538955351,68.1349620760489,4.01563434474041,4.40601437934037,7.24515681907302,2.72612535661809,5.89366089708161,68.1349620760489,4.01563434474041
2020-10-10,51887,519,NA,49460.5714285714,509.285714285714,NA,640.571428571428,3.14285714285711,NA,NA,11405.1075686438,86170.7006422369,940.406007126396,602.060606060608,18665.4272851942,7794.45586911014,143284.570142337,53381.4288354906,99,47.5143025075974,3133.67702164303,647.041847041844,1.00025054445237,1.21882425340604,0.602292886250028,0.707922926667152,68.1164756198045,5.7865895234687,4.45462904631479,7.40715351375393,2.759574445282,8.49515876627952,68.1164756198045,5.7865895234687
2020-10-11,52382,519,NA,50114.1428571429,511.857142857143,NA,653.571428571428,2.57142857142856,NA,NA,11695.7168872185,87130.4484889501,959.747846713173,666.56709956711,18907.6472308001,8099.05760071188,144660.464080617,54041.6019956638,99,47.5015849977898,1375.89393827983,660.173160173166,0.990798365850865,1.21069384279565,0.595658588932685,0.702207403199886,68.0982438053605,5.73050255956558,4.50424359747014,7.47828090457737,2.79370236246251,8.41507053692169,68.0982438053605,5.73050255956558
2020-10-12,52839,522,NA,50768.4285714286,514.571428571429,NA,654.285714285717,2.71428571428572,NA,NA,11987.4856733575,88091.4986603705,961.050171420429,666.567099567081,19151.5913311835,8397.66654732083,146038.225030817,54702.4966565585,99,47.4890592733541,1377.76095020026,660.894660894664,0.987906659853517,1.20421106122353,0.592565693555206,0.700704568754617,68.0802869343108,5.59422146941831,4.5539254728253,7.54950481133335,2.82786757791316,8.21711213333748,68.0802869343108,5.59422146941831
2020-10-13,53543,527,NA,51452.1428571429,517.428571428571,NA,683.714285714283,2.85714285714289,NA,NA,12365.602819574,89096.0357200069,1004.53705963634,623.56277056277,19530.7097103015,8727.28703794131,147478.328757921,55393.117147179,99,47.4767388519651,1440.10372710336,690.620490620488,0.984255644995611,1.1988058278777,0.591496575286638,0.701955723044889,68.062624385586,5.70355513132921,4.60585542036669,7.62395155302917,2.86356948209369,8.37988121119463,68.062624385586,5.70355513132921
2020-10-14,54467,530,NA,52176.5714285714,520.714285714286,NA,724.428571428572,3.28571428571422,NA,NA,12803.3816370079,90160.6630222893,1064.62730228248,623.562770562785,19995.5448538619,9077.46164111593,149004.577820895,56124.863178925,99,47.4646366050368,1526.24906297438,731.746031746043,0.973066260304404,1.19440839919783,0.587839510307255,0.700496203373844,68.0452746116372,5.85840511564485,4.66089175718304,7.70285161252926,2.90139738767235,8.60958675299871,68.0452746116372,5.85840511564485
2020-10-15,55428,535,NA,52943.5714285714,523.714285714286,NA,767,3,NA,NA,13476.3088752809,91288.1357151077,1127.47269281841,451.545454545456,20842.6582618414,9438.63768729197,150620.921998105,56899.6106536725,99,47.4527647523579,1616.34417721021,774.74747474747,0.965216136248827,1.18855794138911,0.586056441846539,0.701332754949302,68.0282551307465,5.99059322522637,4.71917691175325,7.78640917521563,2.94144827015151,8.80605393780868,68.0282551307465,5.99059322522637
2020-10-16,56714,547,NA,53894.2857142857,528.428571428571,NA,950.71428571429,4.71428571428578,NA,NA,14417.9202777829,92686.0068578695,1397.87114276174,451.545454545456,22780.873541362,10004.9551476094,153330.082332571,57859.9281139899,99,47.4411348537789,2709.16033446571,960.31746031747,0.964488486088091,1.18540215224678,0.590164598242757,0.71085042031989,68.0115825151085,7.05469544208521,4.79144042300639,7.92646030891988,2.99109226771136,10.3728042722871,68.0115825151085,7.05469544208521
2020-10-17,57332,547,NA,54672.1428571429,532.428571428571,NA,777.857142857138,4,NA,NA,15084.8597562093,93829.9939553435,1143.98709747399,473.047619047618,23614.1748104785,10387.6694333237,154970.101550405,58645.6423997042,99,47.4297577978548,1640.01921783443,785.714285714283,0.954091955626875,1.18201885140878,0.582969237172001,0.704611298049163,67.9952723745492,5.39506262746446,4.85057929637096,8.01124176235857,3.03171008389669,7.93448067011996,67.9952723745492,5.39506262746446
2020-10-18,58068,548,NA,55484.4285714286,536.571428571429,NA,812.285714285717,4.14285714285711,NA,NA,15869.7606216951,95024.8948208293,1194.90086548585,405.85714285713,24666.2718877317,10798.1600538143,156683.110715571,59466.1330201948,99,47.4186437996867,1713.00916516528,820.490620490622,0.943721154508507,1.17762143045261,0.576690982961108,0.699705465718369,67.9793393534313,5.38476611054329,4.91235017746149,8.09979646049699,3.07412567670289,7.92119306905721,67.9793393534313,5.38476611054329
2020-10-19,58817,554,NA,56338.4285714286,541.142857142857,NA,854,4.57142857142856,NA,NA,16713.1994025177,96281.4461557644,1256.55133493511,408.541125541131,25769.8352901507,11257.5006021549,158484.501956817,60328.7592828211,99,47.4078023943815,1801.39124124686,862.626262626269,0.941904551405206,1.17168530289674,0.575396425915474,0.700900075154649,67.9637971212784,5.38129552512864,4.97730810437945,8.19292010562495,3.11871948848542,7.91789721905013,67.9637971212784,5.38129552512864
2020-10-20,59409,565,NA,57176.4285714286,546.571428571429,NA,838,5.42857142857144,NA,NA,17511.0116414821,97514.7302562007,1233.28410043631,430.043290043308,26802.6984767821,11704.9652486195,160252.537304621,61175.2239292858,99,47.3972424273678,1768.03534780352,846.464646464643,0.951034355064048,1.16348729925587,0.579399644049236,0.707669498941894,67.9486583588916,5.01399404384928,5.04106322224684,8.28431940441835,3.16247781901676,7.37910241321319,67.9486583588916,5.01399404384928
2020-10-21,60308,576,NA,58010.8571428571,553.142857142857,NA,834.428571428572,6.57142857142856,NA,NA,18238.1846161985,98743.0244430384,1228.29418683764,494.549783549766,27717.8037306623,12144.6795343338,162013.419115278,62018.0810721429,99,47.3869720488132,1760.88181065681,842.857142857152,0.955097167871593,1.16689419898078,0.583332344992406,0.714317689654266,67.9339347503464,4.76515855709534,5.10456038452273,8.37534889823025,3.20604965819739,7.01441020076711,67.9339347503464,4.76515855709534
2020-10-22,61285,587,NA,58847.5714285714,560.571428571429,NA,836.714285714283,7.42857142857144,NA,NA,19011.1286672556,99974.9425200694,1231.91807703106,451.545454545456,28710.2214074709,12559.7026223569,163779.496132746,62863.2470173088,99,47.3769987060894,1766.07701746785,845.165945165936,0.957820021212369,1.17257185887303,0.587147124272828,0.720950529112406,67.9196369721903,4.58770025915833,5.16824488526047,8.46664696034888,3.24974085184247,6.75460909600024,67.9196369721903,4.58770025915833
2020-10-23,62510,591,NA,59675.5714285714,566.857142857143,NA,828,6.28571428571433,NA,NA,19514.6081771204,101194.279172791,1219.33665272195,709.571428571449,29247.8990652212,12938.7805444348,165527.536427859,63699.6106536725,99,47.36732913508,1748.04029511299,836.36363636364,0.945448728203487,1.17461435764757,0.584025109750379,0.719054946643934,67.9057746809822,4.35533861715076,5.23127898420558,8.55701260684709,3.29297700659181,6.41380464076345,67.9057746809822,4.35533861715076
2020-10-24,63215,595,NA,60516,573.714285714286,NA,840.428571428572,6.85714285714278,NA,NA,20143.5743590944,102432.163103683,1237.88393089175,602.060606060593,29994.0305587128,13319.269721924,167302.166089848,64548.5284025902,99,47.3579693515478,1774.62966198972,848.91774891776,0.941232302459859,1.17668085754719,0.580872239706325,0.717134760780559,67.8923565009157,4.30665900319545,5.29527189215942,8.64875280136602,3.33686215124163,6.34337066702212,67.8923565009157,4.30665900319545
2020-10-25,63797,596,NA,61334.4285714286,580.571428571429,NA,818.428571428572,6.85714285714289,NA,NA,20718.8644134548,103637.873071463,1205.70996778032,623.562770562756,30657.5502984688,13673.8223914767,169030.67117759,65375.2239292858,99,47.3489246420459,1728.50508774136,826.695526695526,0.934213207517595,1.17534097613456,0.575079343425958,0.711454325260102,67.8793900107904,4.0629715879656,5.35760155414284,8.73810856745783,3.37959850917106,5.98558104081448,67.8793900107904,4.0629715879656
2020-10-26,64499,603,NA,62146.1428571429,587.571428571429,NA,811.714285714283,7,NA,NA,21219.8340199017,104833.91194198,1196.03887051617,688.069264069272,31197.6011633743,13997.878668533,170745.311786085,66195.1373491992,99,47.3401995550915,1714.64060849525,819.913419913421,0.934898215476209,1.17375782291182,0.57519555345195,0.712899957584854,67.8668817313578,3.91775076013824,5.41943126486138,8.82674760371571,3.42198426336115,5.77270475180806,67.8668817313578,3.91775076013824
2020-10-27,65376,620,NA,62998.5714285714,595.428571428571,NA,852.428571428572,7.85714285714289,NA,NA,21651.147838979,106090.165154996,1256.25321301664,817.082251082247,31604.1950538473,14311.4890581434,172546.275639928,67056.1763102382,99,47.331797893088,1800.96385384304,861.038961038954,0.948360254527655,1.18945358762375,0.584408553888278,0.727440873757806,67.8548371137412,4.01712734164977,5.48437378024679,8.91984915487984,3.46649601894937,5.92018397428754,67.8548371137412,4.01712734164977
2020-10-28,66545,628,NA,63889.5714285714,602.857142857143,NA,891,7.42857142857144,NA,NA,21967.9410136491,107403.486468195,1313.32131319834,989.099567099576,31801.1328740956,14666.7747724291,174429.052288015,67956.1763102382,99,47.3237226999455,1882.77664808699,900.000000000015,0.943722293185063,1.1618654824082,0.584711000220621,0.728785997235101,67.843260521688,4.11525150370039,5.5522664540363,9.01718005136532,3.51302188112529,6.06582765479962,67.843260521688,4.11525150370039
2020-10-29,68150,637,NA,64870.2857142857,610,NA,980.71428571429,7.14285714285711,NA,NA,22288.4811584835,108849.282024284,1445.79555608978,1118.11255411255,31969.34832698,15099.1417721796,176501.743931376,68946.7968008587,99,47.315976250289,2072.69164336074,990.620490620495,0.93470286133529,1.16452216410217,0.585212863285478,0.731087709345126,67.8321552160997,4.4642938178796,5.62700743712208,9.12432867995664,3.56423240603113,6.58138855704083,67.8321552160997,4.4642938178796
2020-10-30,69645,646,NA,65889.5714285714,617.857142857143,NA,1019.28571428572,7.85714285714289,NA,NA,22837.422938669,110352.176185422,1502.89416113788,946.095238095237,32510.6034560498,15601.2947303325,178656.292100739,69976.3783304402,99,47.3085600396281,2154.54816936282,1029.58152958154,0.927561203245028,1.16932028020429,0.585398514402236,0.733328425357593,67.8215233409376,4.57314640343176,5.7047001555733,9.23570891460015,3.61745703752467,6.74291868724239,67.8215233409376,4.57314640343176
2020-10-31,70732,652,NA,66963.4285714286,626,NA,1073.85714285713,8.14285714285711,NA,NA,23380.7708063572,111935.770806357,1583.59462093491,1032.10389610389,33021.3162837208,16154.2846293224,180926.532400937,71061.0825151444,99,47.3014747717798,2270.24030019843,1084.70418470417,0.921789289147769,1.16915376426424,0.582476893046035,0.731794624453297,67.8113659051935,4.70217817674898,5.78656471676902,9.35306990050377,3.6735312568571,6.93420893061237,67.8113659051935,4.70217817674898
2020-11-01,71666,654,NA,68087.5714285714,634.285714285714,NA,1124.14285714287,8.28571428571433,NA,NA,23998.3678583744,113593.757468764,1657.98666240688,1032.1038961039,33638.5346403517,16740.9253219631,183303.421087238,72196.5803506422,99,47.2947203468841,2376.88868630119,1135.49783549785,0.912566628526777,1.16453212823492,0.575735863108355,0.725371773096122,67.8016827657081,4.80797688660985,5.8722750044853,9.47594411764416,3.73223127440758,7.09124038783221,67.8016827657081,4.80797688660985
2020-11-02,72620,656,NA,69247.7142857143,641.857142857143,NA,1160.14285714286,7.57142857142856,NA,NA,24648.5055233359,115305.072622903,1711.315154139,1053.60606060606,34296.4317970197,17358.7867938246,185756.761467349,73368.4418225037,99,47.2882958495241,2453.34038011127,1171.86147186147,0.903332415312586,1.15800162888277,0.568925533870831,0.718603786637999,67.7924726101402,4.83425417082229,5.96074213004201,9.60277053586159,3.79281112477325,7.13096475659622,67.7924726101402,4.83425417082229
2020-11-03,74060,660,NA,70488.2857142857,647.571428571429,NA,1240.57142857142,5.71428571428567,NA,NA,25290.3626719553,117135.263104856,1830.1904819527,1182.61904761907,34907.6826183842,18023.2694832321,188380.521446223,74621.5442756061,99,47.2821995365594,2623.75997887363,1253.10245310244,0.891169322171213,1.14181935425367,0.563451161081347,0.712081599342267,67.7837329395249,5.03304628761956,6.05535456350758,9.73840686381689,3.85759076035697,7.42515800895095,67.7837329395249,5.03304628761956
2020-11-04,75888,669,NA,71823,653.428571428571,NA,1334.71428571429,5.85714285714289,NA,NA,26135.7109032373,119104.581033107,1969.31792825169,1118.11255411254,35827.7051447617,18732.4657314284,191203.734448791,75969.7405238024,99,47.276428824188,2823.21300256802,1348.19624819627,0.881562302340291,1.13972750196848,0.561691241593838,0.712991626449851,67.7754600497252,5.27755806595327,6.15715924629693,9.8843539960955,3.9272863079455,7.78683150493326,67.7754600497252,5.27755806595327
2020-11-05,78012,674,NA,73231.8571428571,658.714285714286,NA,1408.85714285714,5.28571428571422,NA,NA,27134.269330334,121183.533399598,2078.95236649064,1075.10822510823,36978.4453236872,19503.8394688021,194184.119316361,77392.8285468904,99,47.2709802746298,2980.38486757016,1423.08802308803,0.863969645695534,1.13438431789331,0.556181175026074,0.70928781480983,67.7676490123416,5.39054205336093,6.26463152548987,10.0384261911841,4.00085341597483,7.95445118821365,67.7676490123416,5.39054205336093
2020-11-06,80693,701,NA,74810.1428571429,666.571428571429,NA,1578.28571428571,7.85714285714289,NA,NA,28273.0122579537,123512.752517694,2329.21911809591,1182.61904761905,38302.9604418284,20443.7817487444,197523.286449154,78987.0565411184,99,47.2658495822426,3339.1671327932,1594.22799422799,0.868724672524259,1.13329722456336,0.567552730961588,0.728073816907486,67.7602936548079,5.81657486454112,6.38504144511882,10.2110457798538,4.083267673682,8.58404952696485,67.7602936548079,5.81657486454112
2020-11-07,82395,703,NA,76476.2857142857,673.857142857143,NA,1666.14285714286,7.28571428571433,NA,NA,29499.2316950781,125971.881045727,2459.12852803349,1225.62337662338,39741.3106818538,21443.8971888598,201048.691634235,80670.029124091,99,47.2610315601184,3525.40518508034,1682.97258297259,0.853207112082044,1.13426777568574,0.558061048357937,0.720916725250643,67.753386541176,5.89304848778065,6.51216708397233,10.3932930195819,4.1702696186167,8.69779458091413,67.753386541176,5.89304848778065
2020-11-08,83969,703,NA,78233.8571428571,680.857142857143,NA,1757.57142857143,7,NA,NA,30839.425505715,128566.20039749,2594.31935176239,1247.12554112554,41337.2689406131,22496.0790070416,204767.906303251,82445.3537994157,99,47.2565201254311,3719.21466901578,1775.32467532468,0.837213733639796,1.12896654317361,0.546800012621144,0.711949025225106,67.7469189511101,5.95802294804089,6.64628146686169,10.5855593185745,4.26204574212967,8.79453193418337,67.7469189511101,5.95802294804089
2020-11-09,85551,710,NA,80081.1428571429,688.571428571429,NA,1847.28571428571,7.71428571428567,NA,NA,32419.0845341872,131293.188430291,2726.9880328013,1139.61471861471,43305.1425527797,23594.8813158439,208677.314713952,84311.2989653609,99,47.2523082835009,3909.40841070135,1865.94516594516,0.829914320113149,1.12355621860395,0.54077443657861,0.710177952697969,67.7408808570413,5.99001234313962,6.78725421060558,10.7876577595808,4.35850652837255,8.84253836796002,67.7408808570413,5.99001234313962
2020-11-10,87733,730,NA,82034.4285714286,698.571428571429,NA,1953.28571428571,10,NA,NA,34347.7904329984,134176.894329102,2883.70589881117,945,45969.7344228513,24612.8971888598,212811.393763511,86284.3148383767,99,47.2483881142569,4134.07904955879,1973.01587301587,0.832070030661211,1.11753548003748,0.544057904790591,0.721384653329572,67.7352609047608,6.02511004863196,6.93632854749889,11.0013706396743,4.4605023779046,8.89508738524119,67.7352609047608,6.02511004863196
2020-11-11,89942,731,NA,84042.1428571429,707.428571428571,NA,2007.71428571429,8.85714285714289,NA,NA,36421.633502494,137141.183286044,2964.28895694154,881.588744588764,48714.5057944552,25860.0342739969,217060.996636946,88312.309066371,99,47.2447507569397,4249.60287343536,2027.99422799425,0.812745991861422,1.11908340018757,0.533027339041773,0.713643037353485,67.7300463914892,5.84525003316578,7.0895686580103,11.2210555703319,4.56534035562151,8.63021731404797,67.7300463914892,5.84525003316578
2020-11-12,92553,756,NA,86119.4285714286,719.142857142857,NA,2077.28571428571,11.7142857142857,NA,NA,38670.145303077,140208.409372341,3067.22608629725,807,51749.9393481486,27139.588386551,221458.170117379,90410.5774646394,99,47.2413863935382,4397.17348043335,2098.2683982684,0.816829276198502,1.12723616650134,0.539197330163233,0.72946305978192,67.7252232421316,5.70343941329052,7.24813014484747,11.4483692229033,4.67381118485032,8.42144020280478,67.7252232421316,5.70343941329052
2020-11-13,94922,775,NA,88152.1428571429,729.714285714286,NA,2032.71428571429,10.5714285714286,NA,NA,40478.5658630421,143210.020408497,3001.61103615555,1182.61904761904,54035.6808316276,28336.1208540835,225761.277901225,92463.8242178861,99,47.2382842313517,4303.10778384536,2053.24675324676,0.816459830176355,1.13135751827825,0.541163249463526,0.739264600207731,67.7207759842789,5.2565473559141,7.40329963526292,11.6708201114359,4.77995460202223,7.76208884820691,67.7207759842789,5.2565473559141
2020-11-14,96834,779,NA,90214.8571428571,740.571428571429,NA,2062.71428571429,10.8571428571429,NA,NA,42417.192808929,146256.114886851,3046.09447835447,1096.6103896104,56530.8567548661,29578.0992090619,230128.157121166,94547.3740014359,99,47.2354324867686,4366.87921994171,2083.5497835498,0.804469504512878,1.13278791692889,0.532627302867071,0.734281070127369,67.7166877249524,5.09581943374593,7.56076871512376,11.8965676900202,4.88766454654013,7.5252035575095,67.7166877249524,5.09581943374593
2020-11-15,98161,779,NA,92242.2857142857,751.428571428571,NA,2027.42857142857,10.8571428571429,NA,NA,44346.8819309678,149250.267212353,2994.15232550196,1053.60606060606,59024.5427978563,30787.7211426838,234420.572101886,96595.2816493436,99,47.2328183676418,4292.41498071924,2047.90764790765,0.793594197288129,1.12920365381106,0.521942114108003,0.725302339445643,67.7129401253378,4.77973407624791,7.71555262449044,12.1184658097922,4.99353195651298,7.05881772749392,67.7129401253378,4.77973407624791
2020-11-16,101601,797,NA,94535.1428571429,763.857142857143,NA,2292.85714285714,12.4285714285714,NA,NA,46559.6510851016,152636.581821032,3386.31460867924,1161.11688311688,61896.4251291464,32262.3098872726,239275.190696912,98911.2989653609,99,47.2304280547655,4854.61859502629,2316.01731601733,0.784441098020689,1.12084687139713,0.522155298874872,0.732205105241014,67.7095133742297,5.17027954789085,7.89060952089902,12.3694272716465,5.11325940367083,7.63597001915607,67.7095133742297,5.17027954789085
2020-11-17,103805,816,NA,96831.1428571429,776.142857142857,NA,2296,12.2857142857142,NA,NA,48433.3267627134,156027.694728081,3391.11290704904,1505.15151515152,64191.5342834538,33751.2160921788,244136.688129608,101230.490884553,99,47.2282466829747,4861.49743269567,2319.19191919193,0.786089302056741,1.11442724839236,0.522984077552444,0.739450755034403,67.7063861609369,4.93131004080142,8.06591446727275,12.6207443377823,5.23315096321732,7.28337268002885,67.7063861609369,4.93131004080142
2020-11-18,106617,826,NA,99213.2857142857,789.714285714286,NA,2382.14285714286,13.5714285714286,NA,NA,50605.1122069586,159546.185800032,3518.49107195082,1333.13419913421,66959.8644202926,35312.2781412408,249180.794823223,103636.695790758,99,47.2262583215793,5044.10669361535,2406.2049062049,0.774735736327227,1.11648799088713,0.51771842482983,0.737923180454026,67.7035356472312,4.91839797164404,8.2478042791403,12.8815014631465,5.357540694143,7.26460746582361,67.7035356472312,4.91839797164404
2020-11-19,109280,854,NA,101602.857142857,803.714285714286,NA,2389.57142857143,14,NA,NA,52357.5334485895,163075.784530841,3529.59873080844,1763.17748917748,69013.9463290455,36842.9275786873,254240.825449925,106050.404304466,99,47.2244459541759,5060.0306267016,2413.70851370852,0.781478770131772,1.12147222631971,0.523682901454013,0.751801876291338,67.700937438407,4.72199813748337,8.43026830590241,13.1430817826397,5.48231832707817,6.97478688788106,67.700937438407,4.72199813748337
2020-11-20,111661,897,NA,103994.142857143,821.142857142857,NA,2391.28571428571,17.4285714285714,NA,NA,54281.1993311611,166608.039158001,3532.25462716035,1591.16017316017,71360.3045936867,38439.796265556,259304.663568046,108465.844419906,99,47.2227914578943,5063.83811812114,2415.44011544011,0.803324347802724,1.13073926899319,0.53838938657056,0.777936286405694,67.6985655535286,4.56722597115971,8.61286963029521,13.404858931934,5.60718547586168,6.74641144168625,67.6985655535286,4.56722597115971
2020-11-21,113029,905,NA,106307.714285714,839.142857142857,NA,2313.57142857143,18,NA,NA,56046.6045793733,170025.608908378,3417.56975037672,1634.16450216449,73468.7049001071,39917.1656739254,264204.089515492,110802.785256847,99,47.2212755818365,4899.42594744594,2336.94083694085,0.800679471640022,1.13305813818911,0.532272759268682,0.772611061785786,67.6963923945199,4.26219884823205,8.78954227383146,13.6581367279029,5.72799457285367,6.29604686795267,67.6963923945199,4.26219884823205
2020-11-22,114061,909,NA,108579.142857143,857.714285714286,NA,2271.42857142857,18.5714285714286,NA,NA,57749.2849756927,173381.025235433,3355.41632705534,1634.16450216452,75487.4306675044,41312.8236825834,269014.412352486,113097.157551219,99,47.2198779250293,4810.32283699443,2294.37229437228,0.796941987182297,1.13023704105298,0.524278823917251,0.763194826022121,67.6943887145582,4.0527519776409,8.96300187113748,13.9068083027203,5.84660307190724,5.98683248028592,67.6943887145582,4.0527519776409
2020-11-23,115921,934,NA,110624.857142857,877.285714285714,NA,2045.71428571429,19.5714285714287,NA,NA,58881.093519124,176403.093519124,3022.06828369098,1870.68831168831,76625.9099052091,42391.3446061043,273346.847634147,115163.535617598,99,47.2185769138613,4332.43528166082,2066.37806637809,0.805721137671345,1.12455226668425,0.529469172772043,0.77073177666818,67.6925235857269,3.54240844459205,9.11922890719662,14.1307752880544,5.95342531759575,5.23308346581781,67.6925235857269,3.54240844459205
2020-11-24,115921,934,NA,112355.714285714,894.142857142857,NA,1730.85714285714,16.8571428571428,NA,NA,59572.0565786026,178960.099868646,2557.00634952189,1849.18614718613,77136.8780978043,43115.8280115877,277012.570405497,116911.876165938,99,47.2173497784694,3665.72277134965,1748.34054834055,0.805721137671345,1.10807982990204,0.521904044915901,0.756197219284056,67.6907643651639,2.93958243507312,9.25141437941975,14.320276301871,6.04380648580538,4.34266111021087,67.6907643651639,2.93958243507312
2020-11-25,117682,950,NA,113936.428571429,911.857142857143,NA,1580.71428571428,17.7142857142858,NA,NA,59846.8942335972,181295.35743706,2335.25756841453,2042.70562770563,77000.7056123615,43634.5091082688,280360.39425705,118508.557262619,99,47.2161725289311,3347.82385155361,1596.68109668109,0.807260243707619,1.10668989969918,0.524006799418351,0.75413655183505,67.6890766609308,2.6534510927864,9.37213645916789,14.4933434031006,6.12634755763103,3.92005531206273,67.6890766609308,2.6534510927864
2020-11-26,122952,982,NA,115889.571428571,930.142857142857,NA,1953.14285714287,18.2857142857142,NA,NA,60606.9292388055,184180.890277767,2885.53284070609,2107.21212121211,77543.3744606976,44478.9521097118,284497.092409416,120481.428835491,99,47.2150199314426,4136.69815236534,1972.87157287159,0.79868566595094,1.10772172723607,0.533171491634679,0.763808836975766,67.6874242978615,3.26356833942823,9.52130524055766,14.7071916787676,6.22833594750905,4.8215247886434,67.6874242978615,3.26356833942823
2020-11-27,124066,984,NA,117661.714285714,942.571428571429,NA,1772.14285714286,12.4285714285714,NA,NA,60589.4278013649,186799.081481019,2618.19120325203,2623.26406926409,76832.9473328482,44963.5764953512,288250.529750431,122271.472125534,99,47.213865482129,3753.43734101503,1790.04329004328,0.793126239259749,1.10176553000132,0.526769185479099,0.749467669849792,67.685769280017,2.92399607873617,9.65665368841623,14.901227132561,6.32087295573292,4.31995356988926,67.685769280017,2.92399607873617
2020-11-28,125323,989,NA,119418,954.571428571429,NA,1756.28571428571,12,NA,NA,60462.9837668551,189393.910173782,2594.82869276294,2709.27272727272,75943.5075774327,45390.2190107306,291970.4746104,124045.49809956,99,47.212681380989,3719.94485996914,1774.02597402598,0.789160808470911,1.0880414764928,0.522192080565065,0.737086668271089,67.6840717533318,2.89866933294876,9.79079440189358,15.0935311790687,6.41258194235963,4.28264267698611,67.6840717533318,2.89866933294876
2020-11-29,126466,989,NA,121190.142857143,966,NA,1772.14285714286,11.4285714285714,NA,NA,60274.5996055258,192012.235969162,2618.32579538063,2795.28138528137,74942.3759648808,45791.0571450274,295724.10490261,125835.541389603,99,47.2114385058271,3753.63029221009,1790.04329004329,0.782028371261841,1.0740254830891,0.515071341682015,0.721154635174163,67.682289968244,2.93095757993404,9.9261498075464,15.2875766075518,6.5051189505835,4.33046077493774,67.682289968244,2.93095757993404
2020-11-30,128407,1018,NA,122973.857142857,978,NA,1783.71428571429,12,NA,NA,59952.2999133402,194647.732813773,2635.49684461096,2945.79653679655,73709.8790732406,46128.8241925162,299502.351600713,127637.272991335,99,47.2101063863748,3778.24669810338,1801.7316017316,0.792791670236046,1.0566918414314,0.522996073616721,0.726062013367952,67.6803802425949,2.95931610900389,10.0623928774991,15.4828945910435,6.59826019078369,4.37248337087144,67.6803802425949,2.95931610900389
2020-12-01,130194,1080,NA,125012.857142857,998.857142857143,NA,2039,20.8571428571429,NA,NA,60406.9700277669,197660.515482312,3012.78266853924,2537.25541125538,73702.6581802365,46606.1344378265,303821.475030053,129696.868950931,99,47.2086531759871,4319.12342934019,2059.59595959596,0.829531314807134,1.05229255900333,0.546391370762485,0.754137173445947,67.6782969210534,3.40104049399718,10.2181398899463,15.7061734148149,6.70473183273285,5.02529956798013,67.6782969210534,3.40104049399718
2020-12-02,132530,1128,NA,127134,1024.28571428571,NA,2121.14285714286,25.4285714285713,NA,NA,60849.5349786721,200794.777402915,3134.26192060226,2666.26839826844,73646.0953647446,47074.8458375379,308314.7510424,131839.437493499,99,47.2070456235986,4493.27601234702,2142.56854256855,0.851128046480042,1.05777486656104,0.561767599032995,0.771249804408288,67.675992334912,3.51142432389559,10.3801668212143,15.938455126447,6.81549277574842,5.18857661485348,67.675992334912,3.51142432389559
2020-12-03,134710,1159,NA,128813.714285714,1049.57142857143,NA,1679.71428571429,25.2857142857144,NA,NA,60554.0609898772,203276.866184682,2482.08878176776,2752.27705627703,72508.7716671835,47006.9555056476,311873.072033484,133536.118590181,99,47.2052490464848,3558.32099108346,1696.68109668116,0.860366713681241,1.06923465385584,0.570158337125789,0.776548023428981,67.6734167630377,2.76044196555645,10.5084793996242,16.1224039620123,6.90320338781584,4.07905957315489,67.6734167630377,2.76044196555645
2020-12-04,136325,1186,NA,130565,1078.42857142857,NA,1751.28571428571,28.8571428571427,NA,NA,61242.4751904025,205864.825839753,2587.95965507082,1870.68831168834,73015.6273205891,46912.2166889088,315583.169445131,135305.094059156,99,47.2032273003873,3710.09741164744,1768.97546897546,0.869979827617825,1.06143499712461,0.576106187719116,0.777009014385945,67.670518389043,2.89210610818425,10.6422650154338,16.3141989407163,6.99465128655155,4.2738003244794,67.670518389043,2.89210610818425
2020-12-05,138568,1194,NA,132457.142857143,1107.71428571429,NA,1892.14285714287,29.2857142857144,NA,NA,62068.1501670915,208661.072245014,2796.2464052604,1941.28571428571,73930.115701362,46852.9006715928,319591.866617113,137216.349470412,99,47.2009427493749,4008.69717198168,1911.25541125541,0.861670804226084,1.06711072271498,0.572219814244021,0.765248760536297,67.6672432580798,3.08959600482899,10.7868180986128,16.5214301541925,7.09345440415939,4.56586118795312,67.6672432580798,3.08959600482899
2020-12-06,139834,1205,NA,134366.857142857,1138.57142857143,NA,1909.71428571426,30.8571428571429,NA,NA,62863.375782284,211483.440717349,2822.36847233534,1996.28571428571,75026.429951227,46754.7621434543,323638.012368809,139145.353799416,99,47.1983562360194,4046.14575169649,1929.00432900435,0.861736058469328,1.06790795892909,0.569784563705157,0.755267193607681,67.6635352340824,3.07680602718002,10.9327215725612,16.7305972870671,7.19317505921273,4.54720893846093,67.6635352340824,3.07680602718002
2020-12-07,141127,1236,NA,136184,1169.71428571429,NA,1817.14285714287,31.1428571428571,NA,NA,63452.6709640991,214169.164470593,2685.72375324368,2065.28571428571,75780.6159814007,46493.8314075235,327488.264333049,140980.851634914,99,47.1954270530899,3850.25196423964,1835.49783549784,0.875806897333607,1.0703827651119,0.577113891747808,0.757929819902997,67.6593359591888,2.89062604279772,11.0715611427678,16.929637611768,7.2880618584556,4.27231869084665,67.6593359591888,2.89062604279772
2020-12-08,142595,1271,NA,137955.571428571,1197,NA,1771.57142857142,27.2857142857142,NA,NA,62904.6226293241,216787.717867419,2618.55339682673,3139.31601731601,74180.1586434936,46244.1546398468,331242.220914556,142770.31772438,99,47.1921129109142,3753.95658150688,1789.46608946609,0.891335600827519,1.07199469823842,0.586287826867251,0.762868350424952,67.6545848069506,2.79196078887902,11.206928314369,17.1236999079075,7.38056902806336,4.12678198890679,67.6545848069506,2.79196078887902
2020-12-09,143924,1294,NA,139583.285714286,1220.71428571429,NA,1627.71428571429,23.7142857142858,NA,NA,61459.6325690203,219193.827374215,2406.10950679579,3827.38528138527,71111.1235570472,45827.3104840026,334691.618062542,144414.473568536,99,47.1883699058782,3449.39714798564,1644.15584415584,0.899085628526166,1.08000096056259,0.590345091146586,0.761061823749917,67.6492188371724,2.58759435219037,11.3313131135839,17.3020178815711,7.46556432606439,3.82501222680278,67.6492188371724,2.58759435219037
2020-12-10,145774,1329,NA,141163.857142857,1245,NA,1580.57142857142,24.2857142857142,NA,NA,59966.0948628838,221530.458499247,2336.63112503232,3805.88311688314,67978.400055029,45397.4187091108,338041.41104404,146011.010365072,99,47.184152492445,3349.79298149841,1596.53679653679,0.911685211354563,1.09152120356651,0.599917505251096,0.766519864671096,67.6431727558004,2.57172650918206,11.4521061998941,17.4751867777656,7.54809793823601,3.80189569537084,67.6431727558004,2.57172650918206
2020-12-11,146877,1343,NA,142671.285714286,1267.42857142857,NA,1507.42857142858,22.4285714285713,NA,NA,57828.9535986134,223759.183035843,2228.7245365954,4343.4372294372,63780.6593881279,44633.6452603374,341236.509204978,147533.665487728,99,47.1794134483244,3195.09816093766,1522.65512265515,0.914370527720474,1.09335545020192,0.600198830626259,0.761324517165797,67.6363788649871,2.51380522054452,11.5673210116916,17.6403586629593,7.62681220754503,3.71664111476914,67.6363788649871,2.51380522054452
2020-12-12,147688,1365,NA,143974.142857143,1291.85714285714,NA,1302.85714285716,24.4285714285716,NA,NA,55323.0649596296,225685.666691231,1926.48365538853,4407.94372294375,59038.1648364711,43658.5197192119,343998.315019621,148849.682803745,99,47.1741038399269,2761.80581464368,1316.01731601733,0.924245707166459,1.11442891525879,0.604823522916724,0.762739851509856,67.6287670135683,2.25295312700142,11.666911359508,17.7831313259468,7.69484425228519,3.33134794165585,67.6287670135683,2.25295312700142
2020-12-13,148861,1373,NA,145263.714285714,1315.85714285714,NA,1289.57142857142,24,NA,NA,52561.675781738,227592.745045807,1907.0783545759,4644.46753246753,53866.9204542604,42585.8314075236,346732.301406641,150152.280206342,99,47.168172990685,2733.98638702009,1302.5974025974,0.922336945203915,1.11814648192344,0.603270547891875,0.75732772168568,67.620264551647,2.33098731609827,11.7654985424899,17.9244658524283,7.7621825492007,3.44716684798201,67.620264551647,2.33098731609827
2020-12-14,149344,1418,NA,146437.571428571,1341.85714285714,NA,1173.85714285713,26,NA,NA,49584.4016981091,229328.94282365,1736.19777784296,4687.47186147186,49584.4016981091,41387.1171218093,349221.313501193,151337.994492057,99,47.1615684562809,2489.01209455176,1185.71428571429,0.949485751017785,1.09136666573715,0.618325791128081,0.769895290364537,67.6107962950805,2.23329884345025,11.8552519852922,18.0531363342787,7.82347852635311,3.30316290723398,67.6107962950805,2.23329884345025
2020-12-15,150861,1438,NA,147618.428571429,1365.71428571429,NA,1180.85714285716,23.8571428571429,NA,NA,47200.4538774666,231075.765565778,1746.82274212805,4106.91341991341,47200.4538774666,40192.0449717372,351725.557538181,152530.779484842,99,47.1542359856248,2504.24403698783,1192.78499278502,0.953195325498306,1.10079658062183,0.62230671246685,0.769811065771285,67.6002844695391,2.3815140370225,11.9455546898988,18.1825942375228,7.88514002655291,3.52292794166086,67.6002844695391,2.3815140370225
2020-12-16,152103,1448,NA,148786.857142857,1387.71428571429,NA,1168.42857142855,22,NA,NA,45337.8294902192,232804.50048589,1728.73492011198,3569.35930735932,45337.8294902192,39060.4187091109,354203.870884359,153711.010365072,99,47.1461194860825,2478.31334617786,1180.23088023087,0.951986482843862,1.10731013917181,0.621981103018994,0.764544117955727,67.5886486606561,2.47546572034691,12.0349223372675,18.3107116432707,7.94615253685223,3.66253876413946,67.5886486606561,2.47546572034691
2020-12-17,153400,1453,NA,149876.285714286,1405.42857142857,NA,1089.42857142858,17.7142857142856,NA,NA,43276.9049617274,234416.658208481,1612.15772259037,3655.36796536794,43276.9049617274,37895.9944666867,356515.059229985,154811.443265505,99,47.1371609973009,2311.188345626,1100.4329004329,0.947196870925684,1.11130942026202,0.619836495880664,0.756722608153658,67.5758057765037,2.4029183587997,12.1182634794976,18.4301894548609,8.00303985847378,3.55587759872397,67.5758057765037,2.4029183587997
2020-12-18,154745,1470,NA,151000.285714286,1423.57142857143,NA,1124,18.1428571428573,NA,NA,41546.5874893455,236080.323420081,1663.6652116008,3375.8398268398,41546.5874893455,36989.9194306116,359228.274725739,155946.796800859,99,47.1273006510276,2713.21549575421,1135.35353535353,0.949949917606385,1.10864004966351,0.622669428228579,0.755210440291336,67.5616699899915,2.59723448759263,12.2042673220997,18.5704502217598,8.06173241637022,3.84423334587373,67.5616699899915,2.59723448759263
2020-12-19,155415,1475,NA,152104.142857143,1439.28571428571,NA,1103.85714285716,15.7142857142856,NA,NA,39488.2295972495,237714.54994357,1634.22652348847,3676.87012987019,39488.2295972495,36276.9062374556,365272.280275522,157061.804015866,99,47.1164766370747,6044.00554978341,1115.00721500724,0.949071839912492,1.10549312125422,0.620492098758845,0.746228955439505,67.5461526900708,2.65692086773013,12.2887493198731,18.8828975208706,8.11937316304865,3.93347955209934,67.5461526900708,2.65692086773013
2020-12-20,156382,1486,NA,153178.571428571,1455.42857142857,NA,1074.42857142855,16.1428571428571,NA,NA,37450.7817403623,239305.608580189,1591.0586366193,3612.36363636362,37450.7817403623,35565.5334873986,371108.842002694,158147.085401148,99,47.1046251825472,5836.56172717147,1085.28138528136,0.950237239580003,1.09818801133975,0.620963298276419,0.740059088797013,67.5291624519577,2.72089051999462,12.3709997363632,19.1846209280924,8.1754772209972,4.02919718824296,67.5291624519577,2.72089051999462
2020-12-21,157103,1511,NA,154287,1468.71428571429,NA,1108.42857142858,13.2857142857144,NA,NA,35165.9605352351,240947.467028742,1641.8584485524,3913.39393939395,35165.9605352351,34742.9853746926,378126.92728347,159266.710220772,99,47.0916805075551,7018.08528077556,1119.62481962485,0.96178939931128,1.090278587866,0.627107650739387,0.743321179807651,67.5106049736412,2.95970270621644,12.455876269574,19.5474236708838,8.23335667660454,4.38404319550666,67.5106049736412,2.95970270621644
2020-12-22,158324,1521,NA,155353.142857143,1480.57142857143,NA,1066.14285714287,11.8571428571429,NA,NA,33142.9378852871,242527.162993512,1579.69596477062,3590.86147186146,33142.9378852871,33142.9378852871,383786.562903075,160343.622197684,99,47.0775747848063,5659.63561960548,1076.911976912,0.960688208989161,1.08606009798014,0.627146246723996,0.738834326746017,67.4903830179561,3.03175627467549,12.5375392881704,19.8400008117768,8.28902807461944,4.49211663986207,67.4903830179561,3.03175627467549
2020-12-23,159662,1561,NA,156433,1496.71428571429,NA,1079.85714285713,16.1428571428571,NA,NA,31415.9994295583,244127.70072826,1600.53773474746,3311.33333333334,32891.2460251506,31415.9994295583,389571.12514603,161434.386988449,99,47.0622381066911,5784.56224295468,1090.76479076478,0.977690370908544,1.08012981764497,0.639419449469833,0.748103123982343,67.4683963653949,3.25819275861697,12.6202797304529,20.1390360847365,8.34541559942107,4.82919691756708,67.4683963653949,3.25819275861697
2020-12-24,160357,1568,NA,157426.857142857,1513.14285714286,NA,993.85714285713,16.4285714285713,NA,NA,30206.8941198811,245601.292388279,1473.59166001965,2666.26839826835,31981.2969416251,30206.8941198811,393202.014890343,162438.283092345,99,47.0455984637904,3630.88974431332,1003.89610389608,0.977818243045205,1.08209938723262,0.638433122542815,0.741429208207208,67.4445417832975,3.16354966389976,12.696457644317,20.326736391203,8.39731241249753,4.69057705238304,67.4445417832975,3.16354966389976
2020-12-25,161162,1568,NA,158343.571428571,1527.14285714286,NA,916.71428571429,14,NA,NA,28821.8519276429,246961.025087816,1359.73269953678,2730.77489177496,31165.15625382,28821.8519276429,397033.74599741,163364.257118319,99,47.0275816984454,3831.73110706673,925.97402597405,0.972934066343183,1.08210537823581,0.634917999486939,0.732131539045762,67.4187129592888,3.03479655546161,12.7667495734,20.5248192727392,8.44518101239859,4.50139856861964,67.4187129592888,3.03479655546161
2020-12-26,161337,1568,NA,159189.571428571,1540.42857142857,NA,846,13.2857142857142,NA,NA,27698.692343443,248216.38931314,1255.36422532389,2365.23809523805,30417.0433431799,27698.692343443,400312.508544645,164218.802572865,99,47.0081114685049,3278.7625472353,854.54545454547,0.971878738293138,1.08028231805363,0.631706876543866,0.723288208125767,67.3908004493062,2.93528472774546,12.8316461322089,20.6943162220506,8.48935708355552,4.35559876053586,67.3908004493062,2.93528472774546
2020-12-27,161974,1568,NA,159988.428571429,1552.14285714286,NA,798.857142857159,11.7142857142858,NA,NA,26443.1731071747,249402.328951331,1185.93963819058,2429.74458874459,29919.4081104912,26443.1731071747,403949.638879722,165025.728979791,99,46.9871092292773,3637.13033507683,806.926406926417,0.968056601676812,1.0784461640469,0.628703030397918,0.715348611219356,67.3606916517272,2.88410919469595,12.8929537590483,20.882339138368,8.53107146888305,4.28157265868663,67.3606916517272,2.88410919469595
2020-12-28,162849,1587,NA,160809.285714286,1563,NA,820.85714285713,10.8571428571429,NA,NA,25651.8010993104,250621.515385025,1219.18643369412,1999.70129870131,30157.7210411074,25651.8010993104,407592.116645503,165854.87760894,99,46.964494183918,3642.47776578116,829.148629148636,0.974522410331043,1.07220766391812,0.633225761787421,0.716380045773882,67.3282707362437,3.10424478544295,12.9559800923603,21.0706384922676,8.57393464093096,4.61059052464216,67.3282707362437,3.10424478544295
2020-12-29,163781,1603,NA,161588.857142857,1574.71428571429,NA,779.57142857142,11.7142857142858,NA,NA,25013.8732402591,251779.981465367,1158.46608034265,1784.67965367966,29722.4777301034,25013.8732402591,410197.023517649,166642.323496386,99,46.9401832400336,2604.90687214612,787.44588744588,0.978746008389252,1.07213129742185,0.636666978315945,0.716395179072147,67.2934185816502,3.039065590381,13.0158674625708,21.2053002012838,8.61464197296463,4.51611984615691,67.2934185816502,3.039065590381
2020-12-30,165297,1611,NA,162393.857142857,1581.85714285714,NA,805,7.14285714285711,NA,NA,23773.9048017647,252976.90047276,1196.91900739301,2429.74458874459,29998.1081960577,23773.9048017647,414602.848122798,167455.454809517,99,46.914090978869,4405.82460514846,813.131313131336,0.974609339552442,1.07108034698631,0.636817036254844,0.713824685288529,67.2560127316706,3.21822960777837,13.0777426723194,21.4330610772287,8.65667712341538,4.78502067991055,67.2560127316706,3.21822960777837
2020-12-31,166798,1651,NA,163314,1593.71428571429,NA,920.14285714287,11.8571428571429,NA,NA,22658.2344874955,254345.836219097,1368.93574633685,2472.74891774889,31231.1236657256,22658.2344874955,420043.746376348,168384.892038954,99,46.8861296451906,5440.89825355069,929.43722943723,0.989820021822804,1.07060565609144,0.649116189414559,0.725418553947186,67.2159273804546,3.87040983992788,13.1485103566103,21.7143305019597,8.70472475501312,5.75814430886103,67.2159273804546,3.87040983992788
2021-01-01,167716,1668,NA,164250.285714286,1608,NA,936.28571428571,14.2857142857142,NA,NA,21930.5783000485,255739.677867148,1393.84164805085,2107.21212121213,31409.6490946338,21930.5783000485,423812.301109286,169330.635184697,99,46.8562090912183,3768.55473293754,945.743145743181,0.994538386319731,1.07670880651382,0.652225737480789,0.727339506066036,67.1730332921986,4.13223177160894,13.2205655615128,21.909147455412,8.75361532751609,6.15158982850174,67.1730332921986,4.13223177160894
2021-01-02,168262,1669,NA,165239.571428571,1622.42857142857,NA,989.28571428571,14.4285714285713,NA,NA,21390.1964003402,257213.42583757,1473.74797042154,1999.70129870129,31982.4173741179,21390.1964003402,427792.805652506,170329.913683976,99,46.8242367335764,3980.50454322028,999.278499278473,0.991905480738372,1.07544598764994,0.64887748163425,0.722273924274807,67.1271977394306,4.51101313602561,13.296751555906,22.1149212395992,8.80527343166363,6.72005977342731,67.1271977394306,4.51101313602561
2021-01-03,169000,1672,NA,166243.285714286,1637.28571428571,NA,1003.71428571429,14.8571428571429,NA,NA,21108.4944395381,258709.758508802,1496.33267123255,1763.1774891775,32144.3044419042,21108.4944395381,430961.498581098,171343.766497829,99,46.7901175250174,3168.69292859221,1013.85281385283,0.989349112426035,1.07643222966392,0.646284086706808,0.718199174204253,67.0782844624734,4.69243052069412,13.3741050754961,22.2787280956809,8.85768496086807,6.99541342784845,67.0782844624734,4.69243052069412
2021-01-04,169585,1682,NA,167205.571428571,1650.85714285714,NA,962.28571428571,13.5714285714287,NA,NA,20896.4454198939,260145.445419894,1435.68691109173,1634.16450216452,31709.5958148108,20896.4454198939,433313.387023602,172315.772269835,99,46.7537539080344,2351.8884425037,972.005772005767,0.99183300409824,1.07617805922891,0.64656138695226,0.717525799085532,67.0261536029439,4.55878749597865,13.4483234881108,22.4003099151576,8.90793319040422,6.80146523573261,67.0261536029439,4.55878749597865
2021-01-05,171033,1692,NA,168241.571428571,1663.57142857143,NA,1036,12.7142857142858,NA,NA,20667.4996875183,261692.39146241,1546.94604251615,1763.17748917747,32507.1009357098,20667.4996875183,437115.555148164,173362.236916299,99,46.7150457754937,3802.16812456195,1046.46464646465,0.989282769991756,1.07504050442433,0.646560639590869,0.716705219430446,66.9706616473148,4.95781078674744,13.5282934862971,22.5968645264166,8.9620306014191,7.40291476101206,66.9706616473148,4.95781078674744
2021-01-06,172469,1703,NA,169266.142857143,1676.71428571429,NA,1024.57142857145,13.1428571428571,NA,NA,20889.8725385786,263223.621456328,1531.22999391757,1295.71428571432,32864.7695064742,20889.8725385786,439310.72555043,174397.15755122,99,46.6738904421143,2195.1704022662,1034.92063492065,0.98742382689063,1.07886258450876,0.646978409679904,0.716405453685636,66.9116613860291,4.95743415408872,13.6074510370267,22.7103447437371,9.01553124011169,7.40887875683544,66.9116613860291,4.95743415408872
2021-01-07,173591,1719,NA,170236.571428571,1686.42857142857,NA,970.428571428551,9.71428571428555,NA,NA,20547.151091889,264675.293949032,1451.6724927043,1784.67965367966,32294.5015760019,20547.151091889,441778.607803108,175377.388431451,99,46.6301825965573,2467.88225267798,980.230880230869,0.990258711569148,1.07840325064814,0.649475050864032,0.718328337642775,66.849001844814,4.64547815875176,13.6824958307157,22.8379229099088,9.06620466992747,6.94916874204666,66.849001844814,4.64547815875176
2021-01-08,174614,1733,NA,171222,1695.71428571429,NA,985.42857142858,9.28571428571445,NA,NA,19863.2273423808,266150.872364026,1475.57841499394,2150.21645021642,32465.8591553904,19863.2273423808,445607.9690455,176372.770826833,99,46.5838142575869,3829.3612423921,995.382395382418,0.992474830196891,1.07936467522217,0.651134442884599,0.719243917095538,66.7825282218348,4.79596746674301,13.7587764506777,23.0358832803369,9.11766136341626,7.18142582587242,66.7825282218348,4.79596746674301
2021-01-09,175620,1737,NA,172273.142857143,1705.42857142857,NA,1051.14285714287,9.71428571428555,NA,NA,19257.4353577413,267726.513279819,1575.64091579337,2171.71861471861,33183.1068614971,19257.4353577413,450020.136165526,177434.531288594,99,46.5346747361206,4412.16712002608,1061.76046176045,0.989067304407243,1.07717627866184,0.648796407468446,0.716208435607877,66.7120818332892,5.29193773223519,13.8402298418854,23.2639720351408,9.17254949775815,7.93245170401654,66.7120818332892,5.29193773223519
2021-01-10,176026,1760,NA,173276.857142857,1718,NA,1003.71428571426,12.5714285714287,NA,NA,18514.8692237312,269232.743682606,1506.23040278646,2236.2251082251,32685.5725121042,18514.8692237312,453329.839911372,178448.384102446,99,46.4826506050935,3309.70374584518,1013.85281385283,0.999852294547396,1.07602309879621,0.653709491619205,0.720934164680914,66.6375000702046,5.21212170906569,13.9180950286912,23.4350685021656,9.22496102696258,7.82155242796115,66.6375000702046,5.21212170906569
2021-01-11,176670,1772,NA,174289,1730.85714285714,NA,1012.14285714287,12.8571428571429,NA,NA,17979.9853869975,270753.422616435,1520.67893382919,2042.70562770567,32789.1395393542,17979.9853869975,456912.546132761,179470.750624813,99,46.4276256500847,3582.70622138929,1022.36652236653,1.00299994339729,1.07937735356557,0.6544700277013,0.721494574710375,66.5586163276569,5.46668663719553,13.9967071381236,23.6202779420247,9.2778126757547,8.21328476833136,66.5586163276569,5.46668663719553
2021-01-12,177670,1791,NA,175237.142857143,1745,NA,948.14285714287,14.1428571428571,NA,NA,17478.4592529396,272179.731980212,1426.30936377757,1913.69264069264,32112.6987438013,17478.4592529396,459497.60716871,180428.470682533,99,46.3694808252722,2585.06103594898,957.720057720086,1.00804862948162,1.08276144500565,0.658021075621533,0.725215648648666,66.4752599416273,5.27336158911317,14.0704407746562,23.7539137125524,9.32732239954203,7.93276152943388,66.4752599416273,5.27336158911317
2021-01-13,179199,1803,NA,176198.571428571,1759.28571428571,NA,961.428571428551,14.2857142857142,NA,NA,16934.1869491815,273627.944524939,1448.21254472667,1978.19913419912,32269.7006792589,16934.1869491815,463025.715331274,181399.610653673,99,46.30809421488,3528.10816256376,971.139971139957,1.00614400750004,1.09044156906705,0.658923927938095,0.726382333168744,66.3872561337318,5.50068882373536,14.1453067049422,23.9363006837892,9.37752587115402,8.28569912123749,66.3872561337318,5.50068882373536
2021-01-14,180131,1818,NA,177132.857142857,1773.42857142857,NA,934.28571428571,14.1428571428571,NA,NA,16867.1944463094,275037.242065357,1409.29754041799,1462.14718614717,31990.7580448999,16867.1944463094,465242.043759186,182343.333597396,99,46.2433409874107,2216.32842791203,943.72294372294,1.0092654790125,1.09488471694752,0.661001392519777,0.728942671724117,66.2944259456108,5.5171991509569,14.2181609084204,24.0508746737599,9.42631200850058,8.32220374469239,66.2944259456108,5.5171991509569
2021-01-15,180910,1837,NA,178032.285714286,1788.28571428571,NA,899.42857142858,14.8571428571429,NA,NA,16813.420109105,276395.965563651,1358.72349829343,1397.64069264071,31628.2434623885,16813.420109105,467266.052986198,183251.84730591,99,46.1750933510938,2024.00922701252,908.513708513725,1.01542203305511,1.09812508169268,0.664626198958379,0.732977772150908,66.1965861750587,5.33245428354994,14.2884006664391,24.1555066452474,9.47327799026418,8.05542085032832,66.1965861750587,5.33245428354994
2021-01-16,180910,1837,NA,178788,1802.57142857143,NA,755.71428571429,14.2857142857144,NA,NA,16480.3881812631,277539.366536241,1143.40097259096,1462.14718614717,30772.0084925278,16480.3881812631,468905.231935751,184015.195069257,99,46.1032205129489,1639.17894955305,763.34776334776,1.01542203305511,1.1005986216786,0.6618880856169,0.729605264607854,66.0935493173369,4.49474322360647,14.3475092398419,24.2402446606792,9.51273956007509,6.80052580124235,66.0935493173369,4.49474322360647
2021-01-17,181978,1837,NA,179638.285714286,1813.57142857143,NA,850.28571428571,11,NA,NA,15865.7998459446,278827.968677113,1288.60214087198,1892.19047619053,31812.8100319801,15865.7998459446,473167.905270075,184874.069528132,99,46.0275886445673,4262.67333432415,858.874458874459,1.00946268230226,1.09715931237193,0.658829172954049,0.726153256114307,65.985123516119,5.15941931970942,14.4141240460706,24.4606052740722,9.55713942085288,7.81900357381764,65.985123516119,5.15941931970942
2021-01-18,182176,1842,NA,180424.857142857,1823.57142857143,NA,786.57142857142,10,NA,NA,15114.7118333054,280022.075469669,1194.1067925556,1935.1948051948,31135.4676582027,15114.7118333054,475784.409050144,185668.586122648,99,45.9480608306374,2616.50378006877,794.516594516608,1.01111013525382,1.09328135143792,0.657805280855265,0.724210794004614,65.8711124896962,4.95769376765684,14.4758538772415,24.5958664899103,9.59821227593395,7.52629431954432,65.8711124896962,4.95769376765684
2021-01-19,182176,1842,NA,181068.571428571,1830.85714285714,NA,643.71428571429,7.28571428571422,NA,NA,13957.7253801443,281001.089016508,979.013546838891,2128.71428571426,29593.679916974,13957.7253801443,477862.137792432,186318.802572865,99,45.864497029133,2077.72874228784,650.216450216452,1.01111013525382,1.09164131201385,0.655513473790056,0.720263674124468,65.7513154739038,4.25889506409302,14.5264643765177,24.7032755133577,9.63182547698649,6.47722270616915,65.7513154739038,4.25889506409302
2021-01-20,184482,1862,NA,181823.285714286,1839.28571428571,NA,754.71428571429,8.42857142857133,NA,NA,12949.1119361049,282151.120594114,1150.03157760564,2150.21645021642,30819.5366494189,12949.1119361049,482745.141045023,187081.140235203,99,45.7767540524929,4883.0032525913,762.337662337668,1.00931256165913,1.0931081969106,0.659930038937739,0.723912445058702,65.6255271951396,5.40719306487687,14.585915721715,24.9557043315073,9.6712348292192,8.23939106325756,65.6255271951396,5.40719306487687
2021-01-21,185346,1868,NA,182568.285714286,1846.42857142857,NA,745,7.14285714285711,NA,NA,11950.7716006483,283288.637401514,1137.51680740056,2128.71428571432,30729.8308140623,11950.7716006483,486274.80883604,187833.665487728,99,45.6846855040537,3529.6677910171,752.525252525258,1.00784478758646,1.09256128486898,0.659398137932523,0.722044661464304,65.4935377792346,5.75334652263464,14.6447201108305,25.1381719283647,9.71013692497797,8.78451598081351,65.4935377792346,5.75334652263464
2021-01-22,186255,1878,NA,183331.857142857,1852.28571428571,NA,763.57142857142,5.85714285714289,NA,NA,10877.0312950952,284456.979347043,1168.3419455291,2236.22510822507,30950.7853118661,10877.0312950952,490296.287143368,188604.949759012,99,45.5881417231204,4021.47830732755,771.284271284268,1.00829507932673,1.09224619765057,0.660205281062484,0.721903855348599,65.3551326727062,6.38937384297636,14.7051180178661,25.346063867776,9.75000877576044,9.77628880017857,65.3551326727062,6.38937384297636
2021-01-23,186854,1879,NA,184181,1858.28571428571,NA,849.14285714287,6,NA,NA,10022.9796229553,285759.14412512,1302.16477807669,2150.21645021654,31910.026974852,10022.9796229553,494910.246755072,189462.669816732,99,45.4869697312751,4613.95961170399,857.720057720057,1.0055979534824,1.08650711516825,0.657546762240188,0.718018582618938,65.2100925657861,7.80684185126185,14.7724339500829,25.584584366642,9.79434895930601,11.9716928521102,65.2100925657861,7.80684185126185
2021-01-24,187147,1879,NA,184919.428571429,1864.28571428571,NA,738.42857142858,6,NA,NA,9496.34074232605,286894.171911157,1135.02778603742,1655.66666666669,30721.6893086637,9496.34074232605,496537.421909396,190208.55726262,99,45.3810131912416,1627.17515432445,745.887445887463,1.00402357505063,1.08093959742662,0.65494533663161,0.713841709799495,65.0581933334487,7.36744717012491,14.8311096682374,25.6687018410489,9.83290791097946,11.3242551490168,65.0581933334487,7.36744717012491
2021-01-25,187793,1894,NA,185721.857142857,1871.71428571429,NA,802.428571428551,7.42857142857156,NA,NA,9220.18344308692,288130.594698498,1236.42278734088,1505.15151515149,31448.4883743922,9220.18344308692,499825.752110656,191019.091173154,99,45.2701123619479,3288.33020125964,810.533910533908,1.00855729446784,1.07823233100465,0.657340815188992,0.715593802406327,64.8992059709889,8.44998112418482,14.8950270417874,25.8386933940852,9.8748087876577,13.0199918146369,64.8992059709889,8.44998112418482
2021-01-26,188122,1905,NA,186571.285714286,1880.71428571429,NA,849.42857142858,9,NA,NA,9426.77846587263,289442.800110894,1312.20541239606,1096.61038961035,31991.6980038671,9426.77846587263,502238.807893977,191877.099831162,99,45.1541040305408,2413.05578332098,858.008658008679,1.01264073314126,1.07706958532207,0.658161128647918,0.71575944240921,64.732896496558,9.21283020949167,14.9628620286359,25.9634372838603,9.91916389051132,14.2318796637383,64.732896496558,9.21283020949167
2021-01-27,188784,1917,NA,187185.857142857,1888.57142857143,NA,614.57142857142,7.85714285714289,NA,NA,9102.24637861864,290394.752872125,951.952761230874,1268.6277056277,31195.816179667,9102.24637861864,503603.526802378,192497.879051941,99,45.032821395553,1364.71890840068,620.779220779223,1.01544622425629,1.07537377779947,0.660135894688203,0.716029195807145,64.5590257836725,6.51950537084927,15.0120736097103,26.0339869770171,9.95125532214204,10.0983890167483,64.5590257836725,6.51950537084927
2021-01-28,189597,1921,NA,187793.142857143,1896.14285714286,NA,607.285714285739,7.57142857142844,NA,NA,8962.88874492585,291338.074892112,943.322019986867,1075.10822510824,31133.9510522737,8962.88874492585,505373.592077915,193111.298965361,99,44.9060940662292,1770.06527553708,613.419913419959,1.01320168568068,1.07719476505906,0.659371419513698,0.713509053068462,64.3773495602477,6.67191054440898,15.060839021143,26.1254912137416,9.98296631141731,10.3636177350983,64.3773495602477,6.67191054440898
2021-01-29,189597,1921,NA,188270.571428571,1902.28571428571,NA,477.428571428551,6.14285714285711,NA,NA,8744.11897724605,292081.876553004,743.801660891622,956.428571428522,30698.1474517671,8744.11897724605,506439.905693525,193593.550047612,99,44.7737480267591,1066.31361561065,482.251082251052,1.01320168568068,1.07674518270545,0.657692295965306,0.709501649669412,64.187618357322,5.32679737580762,15.0992901473217,26.1806147252041,10.0078964751806,8.29868228937585,64.187618357322,5.32679737580762
2021-01-30,190570,1921,NA,188801.428571429,1908.28571428571,NA,530.857142857159,6,NA,NA,8537.71836559166,292911.475941349,829.59938834561,1030,31313.1453052469,8537.71836559166,508593.365085467,194129.769383832,99,44.6356055721295,2153.45939194137,536.219336219365,1.00802854594112,1.07406186429094,0.655829545027675,0.705783632757658,63.9895774170949,6.07110140528594,15.1421766215477,26.2919386750606,10.0356165495507,9.48751258422254,63.9895774170949,6.07110140528594
2021-01-31,190713,1921,NA,189310.857142857,1914.28571428571,NA,509.428571428551,6,NA,NA,8311.83755667869,293710.166561008,798.690619658504,1018.57142857148,31091.5913438498,8311.83755667869,509910.272662531,194644.343698406,99,44.4914852655274,1316.90757706435,514.574314574304,1.00727270820552,1.06824575711121,0.654046137555467,0.702048178352235,63.7829666318601,5.96688194488519,15.1834652545382,26.3600167422039,10.0622176758164,9.35484851406381,63.7829666318601,5.96688194488519
2021-02-01,190950,1921,NA,189761.857142857,1918.14285714286,NA,451,3.85714285714289,NA,NA,7899.34967784374,294419.648379143,709.48181813478,1118.11255411262,30452.1429216522,7899.34967784374,511172.014716524,195099.899253962,99,44.3412018892991,1261.74205399299,455.555555555562,1.00602251898403,1.0648599392347,0.652470040833079,0.698450866353406,63.5675204736999,5.42607228653842,15.2201422026347,26.4252430054324,10.0857678035844,8.53579985528833,63.5675204736999,5.42607228653842
2021-02-02,191437,1929,NA,190235.428571429,1921.57142857143,NA,473.571428571449,3.42857142857156,NA,NA,7288.9153702982,295167.279006662,747.630627519393,1354.63636363635,30725.5934730892,7288.9153702982,513747.586147082,195578.254232317,99,44.1845663950239,2575.57143055787,478.354978354997,1.00764220082847,1.06216982398509,0.653527723835697,0.697911778873551,63.342967922912,5.99515614764235,15.2587912687841,26.5583882069906,10.110496556689,9.46445793653575,63.342967922912,5.99515614764235
2021-02-03,192042,1931,NA,190700.857142857,1923.57142857143,NA,465.428571428551,2,NA,NA,6841.79546294804,295904.778146931,737.49914026889,1182.61904761905,30652.9710028156,6841.79546294804,515683.758548603,196048.384102447,99,44.021385860475,1936.17240152124,470.129870129866,1.00550921152665,1.06327534606789,0.652574795206979,0.695757154777482,63.1090324063072,6.38552994895364,15.296916583623,26.6584794184372,10.1348001095139,10.1180916885679,63.1090324063072,6.38552994895364
2021-02-04,192549,1952,NA,191122.571428571,1928,NA,421.71428571429,4.42857142857133,NA,NA,6368.57280397834,296575.598778004,670.820631073555,1139.61471861467,30175.0196485631,6368.57280397834,517144.0562786,196474.358128421,99,43.8514634277644,1460.2977299965,425.97402597405,1.01376792400895,1.05946872698898,0.658179569743069,0.700073242028472,62.8654317085355,6.16389761983223,15.3315949260965,26.733970097239,10.1568210082062,9.80474547516665,62.8654317085355,6.16389761983223
2021-02-05,193069,1958,NA,191618.571428571,1933.28571428571,NA,496,5.28571428571422,NA,NA,6149.46904756507,297367.780735877,792.18195787241,1005.99999999994,31044.9372756567,6149.46904756507,519588.208337928,196975.368229431,99,43.6745982346661,2444.15205932804,501.010101010092,1.01414520197442,1.06121866452536,0.658443895688586,0.699230586272861,62.6118778736298,7.78838143137588,15.3725470911967,26.860321521516,10.1827209269932,12.4389244224004,62.6118778736298,7.78838143137588
2021-02-06,193421,1968,NA,192025.857142857,1940,NA,407.28571428571,6.71428571428578,NA,NA,5853.85693391622,298021.025765085,653.245029208309,942.142857142899,30442.2531341423,5853.85693391622,520524.700020589,197386.76794083,99,43.4905853224698,936.491682661464,411.399711399717,1.0174696646176,1.06490426839979,0.660356092308492,0.700353157664946,62.3480770729058,6.62322326019489,15.406316855859,26.908733835912,10.2039884006285,10.6227874984909,62.3480770729058,6.62322326019489
2021-02-07,193722,1968,NA,192455.714285714,1946.71428571429,NA,429.857142857159,6.71428571428578,NA,NA,5584.20854404627,298713.520232358,692.494467272831,955.428571428522,30723.5929886613,5584.20854404627,522345.215699284,197820.96707503,99,43.2992156070645,1820.51567869476,434.199134199152,1.01588874779323,1.0552326436803,0.658825217709988,0.697498558877266,62.0737295635071,7.34328182893021,15.4421156360167,27.0028461265299,10.2264344996004,11.8297128729033,62.0737295635071,7.34328182893021
2021-02-08,193826,1968,NA,192866.571428571,1953.42857142857,NA,410.85714285713,6.71428571428555,NA,NA,5312.00648639287,299378.461031848,664.940799489559,930.428571428638,30684.9835887254,5312.00648639287,523298.474431216,198235.974290037,99,43.1002758321735,953.258731932321,415.007215007208,1.01534365874547,1.0539361903837,0.657361920165207,0.694697824117347,61.7885296213632,7.35762530784753,15.4764900182303,27.0521252202853,10.2478884645864,11.9075209001372,61.7885296213632,7.35762530784753
2021-02-09,194170,1978,NA,193257,1960.42857142857,NA,390.42857142858,7,NA,NA,5043.93057584134,300013.385121296,634.924089448468,896,30692.2103831191,5043.93057584134,524208.70122561,198630.346584409,99,42.8935484906987,910.226794393675,394.372294372297,1.01869495802647,1.05255084235514,0.659303917123661,0.695359981864534,61.4921654284286,7.35007527336219,15.509312674539,27.0991797607128,10.2682756990464,11.9526226309188,61.4921654284286,7.35007527336219
2021-02-10,194632,1986,NA,193627,1968.28571428571,NA,370,7.85714285714289,NA,NA,4887.08925902809,300618.115233054,604.730111758166,753.714285714261,30797.579680607,4887.08925902809,525075.641951669,199004.083958146,99,42.6788116970643,866.940726059314,373.737373737385,1.02038719223971,1.05338163180115,0.660638830251581,0.694990883347001,61.1843188896747,7.33570374293502,15.5405744410204,27.1439966104188,10.2875962029803,11.9892631880108,61.1843188896747,7.33570374293502
2021-02-11,195006,1990,NA,193978,1973.71428571429,NA,351,5.42857142857156,NA,NA,4612.49282154196,301194.804509854,576.68927679956,845.857142857159,30596.5830595879,4612.49282154196,526011.176466181,199358.629412692,99,42.4558391792463,935.534514512052,354.54545454547,1.02048142108448,1.05463314170908,0.660701967697752,0.693635561413999,60.8646656216632,7.18234396224244,15.5703866252545,27.1923594436221,10.3059245729284,11.800260773511,60.8646656216632,7.18234396224244
2021-02-12,195485,2002,NA,194323.142857143,1980,NA,345.14285714287,6.28571428571422,NA,NA,4380.80125723948,301764.978746417,570.174236563325,795.58008658007,30549.8832706836,4380.80125723948,527320.788032588,199707.258561321,99,42.2244002191136,1309.61156640702,348.629148629174,1.02411949765967,1.05435239865171,0.663430199328182,0.694823818378227,60.5328748670198,7.48295261361801,15.5998620118619,27.2600603405584,10.3239470970613,12.3615203020027,60.5328748670198,7.48295261361801
2021-02-13,197027,2002,NA,194838.285714286,1984.85714285714,NA,515.142857142841,4.85714285714289,NA,NA,5002.00188596861,303401.638249605,1636.65950318804,1010.60173160175,32597.8283264518,5002.00188596861,531088.487667111,200227.604881667,99,41.984259530937,3767.69963452278,520.346320346289,1.01610439178387,1.05509038967114,0.659851413970605,0.691673795041014,60.1886093202638,11.7593779605657,15.6844697834999,27.454833089354,10.3508466094881,37.3598208885506,60.1886093202638,11.7593779605657
2021-02-14,197236,2002,NA,195340.285714286,1989.71428571429,NA,502,4.85714285714289,NA,NA,4917.7098573671,304332.805095462,931.16684585734,1010.60173160175,32476.9873247288,4917.7098573671,532687.401244143,200734.675588738,99,41.7351772435039,1598.91357703169,507.070707070729,1.01502768257316,1.05396341094282,0.657832467115077,0.689406396017623,59.8315251021688,10.0359094358877,15.7326068283145,27.5374895701498,10.3770598337444,18.6158835419356,59.8315251021688,10.0359094358877
2021-02-15,197328,2003,NA,195840.571428571,1994.71428571429,NA,500.28571428571,5,NA,NA,4929.41684560367,305360.113815301,1027.30871983827,1010.6017316017,32493.7704560538,4929.41684560367,534424.081811365,201240.014694077,99,41.4769087823269,1736.6805672223,505.33910533911,1.01506121787075,1.05208114353829,0.655946834369969,0.687517414516365,59.4612715908958,10.1730696818104,15.7857139659938,27.6272679709433,10.4031835421523,20.8899823217363,59.4612715908958,10.1730696818104
2021-02-16,197447,2004,NA,196308.714285714,1998.42857142857,NA,468.14285714287,3.71428571428555,NA,NA,4684.70549263729,306172.722808655,812.608993353962,1053.60606060602,32142.9524069926,4684.70549263729,535864.84984289,201712.886266949,99,41.2092045727654,1440.76803152484,472.871572871576,1.01495591221948,1.05404018598848,0.654532507539026,0.686108985483848,59.0774909963895,9.49685210447793,15.8277221149134,27.7017490541235,10.4276288284038,16.4848909882452,59.0774909963895,9.49685210447793
2021-02-17,197746,2018,NA,196753.571428571,2003,NA,444.85714285713,4.57142857142867,NA,NA,4513.14334599057,307188.351138198,1015.62832954375,1182.61904761905,31897.001016304,4513.14334599057,537630.264752568,202162.236916299,99,40.9318101480039,1765.4149096777,449.350649350643,1.02050104679741,1.05105735425303,0.656925951951915,0.68894535235078,58.6798185151757,9.49587452732728,15.880225430116,27.7930128883135,10.4508581910486,21.6796622784496,58.6798185151757,9.49587452732728
2021-02-18,198042,2025,NA,197187.285714286,2008,NA,433.71428571429,5,NA,NA,4444.3238662809,307941.613909571,753.262771372683,817.082251082349,31798.3414514063,4444.3238662809,538923.118008183,202600.332154395,99,40.6444661439675,1292.85325561522,438.095238095237,1.02251037658678,1.05289099327261,0.657592189081224,0.689455194455919,58.2678823230721,9.60995155344782,15.9191656522084,27.8598474576296,10.4735057006792,16.6904242481435,58.2678823230721,9.60995155344782
2021-02-19,198442,2043,NA,197609.714285714,2013.85714285714,NA,422.42857142858,5.85714285714289,NA,NA,4374.21398623084,308823.456410473,881.842500902247,946.095238095149,31697.8319693535,4374.21398623084,540433.901566423,203027.02768109,99,40.3469081651604,1510.78355824028,426.695526695577,1.02951996049223,1.05465155425878,0.661543013521791,0.693907492671515,57.841303382854,9.50482545127141,15.9647528551615,27.9379480216388,10.4955638976416,19.8419945853359,57.841303382854,9.50482545127141
2021-02-20,198751,2047,NA,197856,2020.28571428571,NA,246.28571428571,6.42857142857133,NA,NA,3952.28545444919,309252.527878692,429.071468218346,844.57142857142,31065.955895239,3952.28545444919,541049.018166301,203275.801129864,99,40.0388665066973,615.116599878063,248.773448773456,1.02993192487082,1.05532666845266,0.661918599030163,0.693505054790914,57.3996950457594,5.63035423894709,15.986933877377,27.9697467218033,10.5084243411867,9.80911015256634,57.3996950457594,5.63035423894709
2021-02-21,198949,2047,NA,198100.714285714,2026.71428571429,NA,244.71428571429,6.42857142857156,NA,NA,3955.7061305322,309993.450719277,740.922840585175,731.073593073641,31070.8597744229,3955.7061305322,542300.914719478,203522.98727705,99,39.7200662363398,1251.89655317669,247.186147186148,1.02890690578993,1.05534949943985,0.66033653138489,0.691776595436917,56.9426631690962,6.19165967347942,16.0252361817815,28.0344640179051,10.5212027285376,18.7466935049213,56.9426631690962,6.19165967347942
2021-02-22,199045,2047,NA,198346,2033,NA,245.28571428571,6.28571428571422,NA,NA,3978.75878963957,310775.364850246,781.914130968915,752.575757575803,31103.9080527136,3978.75878963957,543617.299994106,203770.750624813,99,39.3902271739064,1316.38527462771,247.763347763335,1.02841066090583,1.05583513806875,0.65867511763244,0.690211874622983,56.4698060867237,6.20075114594485,16.0656575474381,28.1025150844137,10.5340109545046,19.7667396203599,56.4698060867237,6.20075114594485
2021-02-23,199402,2050,NA,198625.285714286,2039.57142857143,NA,279.28571428571,6.57142857142867,NA,NA,4301.40962208662,311663.64338832,888.278538074694,559.056277056225,31566.4600928825,4301.40962208662,545035.090129512,204052.85740692,99,39.0490638088135,1417.79013540689,282.10678210677,1.02807394108384,1.05639508599072,0.657760391206677,0.689382015404291,55.9807144908405,7.01935496102788,16.1115774639228,28.1758083160074,10.5485945781304,22.3255187117076,55.9807144908405,7.01935496102788
2021-02-24,199782,2054,NA,198916.142857143,2044.71428571429,NA,290.857142857159,5.14285714285711,NA,NA,4428.44495178212,312483.890839228,820.247450907598,688.069264069258,31748.5778654558,4428.44495178212,546389.940502818,204346.652500715,99,38.6962852225123,1354.85037330596,293.79509379511,1.02812065151015,1.0571314829901,0.657313884080116,0.689213116667501,55.474971320789,6.76184587857056,16.1539804859796,28.2458478512712,10.5637824337324,19.0692708431171,55.474971320789,6.76184587857056
2021-02-25,200163,2063,NA,199219.142857143,2050.14285714286,NA,303,5.42857142857156,NA,NA,4563.87202650856,313377.322242959,893.431403730763,752.575757575745,31942.7260386798,4563.87202650856,547866.568529522,204652.713106776,99,38.3315950081012,1476.62802670384,306.060606060608,1.03066001209015,1.05829118899395,0.658311834830401,0.690628264296598,54.9521516478128,6.84207469555792,16.2001667819281,28.3221827313329,10.5796043599269,20.1748336822212,54.9521516478128,6.84207469555792
2021-02-26,200447,2078,NA,199505.571428571,2055.14285714286,NA,286.428571428551,5,NA,NA,4438.97164796706,314139.010609006,761.688366047281,881.588744588778,31763.6689308023,4438.97164796706,549188.485780619,204942.034896097,99,37.9546911738758,1321.91725109681,289.321789321781,1.03668301346491,1.06030298161385,0.661490591687891,0.694104710418344,54.4118225367852,6.27594910232763,16.2395425685277,28.3905197755912,10.5945609662541,16.6895206882036,54.4118225367852,6.27594910232763
2021-02-27,200720,2082,NA,199786.857142857,2060.14285714286,NA,281.28571428571,5,NA,NA,4418.50851588469,315091.144879521,952.134270515002,967.59740259737,31734.3329969039,4418.50851588469,550806.072923644,205226.161880224,99,37.565266014244,1617.58714302466,284.126984126982,1.03726584296532,1.06099956591794,0.660761190479053,0.693969037134208,53.8535428611537,6.33668011742205,16.2887635327977,28.4741415938956,10.6092490250363,21.4494334729769,53.8535428611537,6.33668011742205
2021-02-28,200882,2082,NA,200063,2065.14285714286,NA,276.14285714287,5,NA,NA,4398.51140481292,316043.745171047,952.600291525654,967.597402597428,31705.6651504472,4398.51140481292,552424.32815411,205505.094059157,99,37.1630060597634,1618.25523046649,278.932178932184,1.03642934658158,1.06105001086299,0.658769563331556,0.692573033526582,53.2768632313135,6.24963434726306,16.3380085882113,28.5577979492491,10.6236685362735,21.5593177675458,53.2768632313135,6.24963434726306
2021-03-01,200946,2082,NA,200334.571428571,2070.14285714286,NA,271.57142857142,5,NA,NA,4384.42045977863,316980.749464108,937.00429306092,946.095238095208,31685.4643800848,4384.42045977863,554014.563281184,205779.408633471,99,36.7475920055018,1590.23512707336,274.314574314572,1.03609925054492,1.06157905764072,0.656822221387217,0.691246983289809,52.6813258919048,6.17411707920825,16.3864474022082,28.6400057940819,10.6378493385817,21.3027592024801,52.6813258919048,6.17411707920825
2021-03-02,201346,2084,NA,200612.285714286,2075,NA,277.71428571429,4.85714285714266,NA,NA,4473.84901741619,318064.134731702,1083.38526759431,989.099567099591,31813.6691067574,4473.84901741619,555826.035407124,206059.928113991,99,36.318698629981,1811.47212594014,280.519480519491,1.03503421970141,1.0614625163056,0.655213767423959,0.69060366403593,52.0664646056113,6.33406555929488,16.4424534395899,28.7336505746008,10.6523509060131,24.70988532083,52.0664646056113,6.33406555929488
2021-03-03,201608,2091,NA,200873.142857143,2080.28571428571,NA,260.857142857159,5.28571428571422,NA,NA,4342.87980030855,318712.529150958,648.394419256074,774.077922077966,31625.9117155461,4342.87980030855,556957.102191737,206323.420177483,99,35.8759947004049,1131.06678461283,263.4920634921,1.03716122376096,1.05583788733814,0.656077125543313,0.689185467838429,51.4318045172949,5.83066424680622,16.4759724500187,28.7921215271926,10.6659722342692,14.4929884028707,51.4318045172949,5.83066424680622
2021-03-04,201973,2092,NA,201131.714285714,2084.42857142857,NA,258.57142857142,4.14285714285734,NA,NA,4353.08219021367,319543.956649088,831.427498130186,817.082251082233,31640.5378556042,4234.96237346705,558362.38400945,206584.603438666,99,35.419142891113,1405.28181771375,261.183261183265,1.03578201046675,1.05681953164157,0.65468301198303,0.687405355247124,50.7768620370907,5.95386940014973,16.5189534291157,28.8647681362696,10.6794742080609,19.1446122471802,50.7768620370907,5.95386940014973
2021-03-05,202310,2112,NA,201397.857142857,2089.28571428571,NA,266.142857142841,4.85714285714266,NA,NA,4462.98376256129,320411.291121869,867.334472780582,752.575757575803,31798.0926839045,4093.07925658394,559801.847262659,206853.434607497,99,34.9477997275023,1439.46325320867,268.831168831151,1.04394246453463,1.0587882684088,0.659152800953166,0.691642393504431,50.1011447600137,6.11384718012337,16.5637906337168,28.9391817684097,10.693371543516,19.9246059431285,50.1011447600137,6.11384718012337
2021-03-06,202653,2113,NA,201674,2093.71428571429,NA,276.14285714287,4.42857142857156,NA,NA,4601.66144971421,321306.973138026,895.682016157196,752.575757575745,31996.9009331563,3982.15429265899,561282.135365391,207132.366786429,99,34.4616154649994,1480.28810273181,278.932178932213,1.0426689957711,1.06039306027151,0.657626561715579,0.690133327559862,49.4041512924527,6.18735827518205,16.6100932759804,29.0157058575746,10.7077910547532,20.0691300665447,49.4041512924527,6.18735827518205
2021-03-07,203026,2113,NA,201980.285714286,2098.14285714286,NA,306.28571428571,4.42857142857156,NA,NA,4952.49019236461,322414.806209681,1107.83307165472,752.575757575745,32499.8488085177,3918.97699523714,563066.563094232,207444.55791006,98.1083993431964,33.960233984755,1784.4277288412,312.191123630793,1.04075340104223,1.06102922797066,0.655366924627469,0.687851603802971,48.6853711026388,6.65593362423788,16.6673631524312,29.1079525671023,10.7239299005205,24.074632255346,48.6853711026388,6.65593362423788
2021-03-08,203027,2113,NA,202277.571428571,2102.57142857143,NA,297.28571428571,4.4285714285711,NA,NA,4907.25298063637,323126.573326957,711.767117276089,752.575757575745,32434.9967688755,3851.30998958368,564283.19090807,207752.259325459,96.6149973343797,33.4432927035574,1216.62781383772,307.701415399148,1.04074827485999,1.06167955715021,0.653923315016854,0.686169034828951,47.9442843914967,6.00271322490322,16.7041582399864,29.1708466315312,10.739836649014,14.3719036207975,47.9442843914967,6.00271322490322
2021-03-09,203279,2113,NA,202553.714285714,2106.71428571429,NA,276.14285714287,4.14285714285734,NA,NA,4757.32847300585,323711.865269543,585.2919425859,731.073593073583,32185.7437877234,3777.27118987869,565278.644886624,208042.704951103,95.0755779263184,32.9104224941928,995.453978554695,290.445625644119,1.03945808470132,1.06162721889231,0.652740979463507,0.684209685546522,47.1803619784738,5.62720317640634,16.7344151424902,29.2223070255409,10.7548513525122,11.9270790581903,47.1803619784738,5.62720317640634
2021-03-10,203587,2120,NA,202836.428571429,2110.85714285714,NA,282.71428571429,4.14285714285688,NA,NA,4877.81429871067,324632.07403897,920.208769427729,795.580086580012,32358.4721952979,3565.67480724698,566805.541792368,208345.108568472,93.4890555128659,32.3612475739657,1526.89690574317,302.403617368254,1.04132385663132,1.06206114326828,0.65304699366998,0.685523903245699,46.3930651417229,5.94267225724811,16.7819857051341,29.3012405755336,10.7704842292046,19.3429731549797,46.3930651417229,5.94267225724811
2021-03-11,203890,2122,NA,203110.285714286,2115.14285714286,NA,273.85714285713,4.28571428571468,NA,NA,4850.76891808055,325232.877143189,600.803104218387,623.562770562829,32296.9277478589,3361.67484392677,567806.411264342,208643.251462294,91.8543250673711,31.7953854377708,1000.8694719749,298.14289382266,1.04075727107754,1.06315832557231,0.652455563115089,0.684530590912914,45.5818455221541,5.61430676784485,16.8130444633805,29.3529809256549,10.7858968460787,12.3170557021245,45.5818455221541,5.61430676784485
2021-03-12,204162,2124,NA,203374.857142857,2116.85714285714,NA,264.57142857142,1.71428571428532,NA,NA,4803.11341047182,325918.009514368,685.132371179119,731.073593073525,32228.6088406907,3157.94516105446,568980.370745453,208936.664636565,90.1702622008008,31.2124468782118,1173.9594811101,293.413174270536,1.0403503100479,1.06350681647725,0.65169764725946,0.683451856302541,44.7461451522771,5.45418329806454,16.848462657018,29.413669233453,10.8010649581973,14.124201394657,44.7461451522771,5.45418329806454
2021-03-13,204464,2127,NA,203633.571428571,2118.85714285714,NA,258.71428571429,2,NA,NA,4794.36590906786,326577.829112531,659.819598163245,666.567099567212,32216.0684279167,2984.77587653903,570100.932896781,209229.209637764,88.4357225910811,30.6120357880681,1120.56215132854,292.545001198858,1.04028092965021,1.06260576265892,0.651299571002747,0.682466513217855,43.8853961730177,5.38635557181487,16.8825722966681,29.4715971447999,10.8161881897595,13.7373312219673,43.8853961730177,5.38635557181487
2021-03-14,204638,2127,NA,203863.857142857,2120.85714285714,NA,230.28571428571,2,NA,NA,4661.3591801165,327113.389483147,535.560370615742,666.567099567095,31850.7448903953,2808.1141055664,570868.711923362,209494.97643822,86.649541587082,29.9937490232138,767.779026581324,265.766800455924,1.03939639754102,1.0615856998414,0.650233242778827,0.680675088334181,42.9990206371986,4.80323001180913,16.910258305546,29.5112877905469,10.8299271114584,11.170619447356,42.9990206371986,4.80323001180913
2021-03-15,204753,2127,NA,204110.428571429,2122.85714285714,NA,246.571428571449,2,NA,NA,4912.90326940612,328033.500672004,920.111188856652,666.567099567037,32211.3583461577,2667.56046977133,572362.427943227,209785.70851671,84.8105341011951,29.3571763654338,1493.71601986478,290.732078490662,1.03881261813014,1.06056421159612,0.648409383688759,0.678734499604587,42.0864304562322,5.28966048948654,16.957823823723,29.5885060412916,10.8449566232517,19.7391179976321,42.0864304562322,5.28966048948654
2021-03-16,205103,2128,NA,204371,2125,NA,260.57142857142,2.14285714285734,NA,NA,5149.90303950635,328896.20606981,862.705397805898,623.562770562829,32551.1210746404,2700.38752665851,573762.461733981,210238.964145026,82.9174949253311,28.7019006318062,1400.03379075381,453.255628315761,1.03752748618987,1.06013060809092,0.647012632170139,0.677407112180862,41.1470275569312,5.30379234548551,17.0024217264305,29.6608813515029,10.8683878553555,17.5599915263584,41.1470275569312,5.30379234548551
2021-03-17,205214,2129,NA,204603.428571429,2126.28571428571,NA,232.42857142858,1.28571428571422,NA,NA,5103.51994624326,329474.671461395,578.465391585312,623.562770562654,32320.9947941753,2678.80966512513,574591.74937293,210526.022158896,80.9691979316565,28.0274973980369,829.287638948648,287.058013869391,1.03745358503806,1.0593292717645,0.646180172380704,0.675677509380357,40.1802034848822,4.51324287666756,17.0323257276332,29.7037517097184,10.8832274348997,11.2325491790378,40.1802034848822,4.51324287666756
2021-03-18,205539,2130,NA,204839,2127.42857142857,NA,235.57142857142,1.14285714285734,NA,NA,5217.05478076724,330234.414088127,759.742626731866,645.064935065049,32483.7582649557,2735.15025970089,575850.271085468,210901.454053149,78.964395902104,27.333534939445,1258.52171253879,375.431894253561,1.03629968035263,1.059043902106,0.644996375039091,0.673957334244099,39.1853393198411,4.61584520590183,17.071600928456,29.7688114960995,10.9026355377536,14.8866397062114,39.1853393198411,4.61584520590183
2021-03-19,205814,2133,NA,205075,2128.71428571429,NA,236,1.28571428571422,NA,NA,5576.16246138926,330852.83345706,618.419368933595,258.025974025892,32931.1920337717,2797.17791646495,576736.836722416,211208.33885277,76.9018212343212,26.6195744753271,886.565636947867,306.884799621213,1.03637264714742,1.05934643422327,0.644697516328459,0.672911526522062,38.1618060260542,4.52361147880337,17.1035703665959,29.8146428634712,10.9185000709659,11.8538024790042,38.1618060260542,4.52361147880337
2021-03-20,206246,2135,NA,205329.571428571,2129.85714285714,NA,254.57142857142,1.14285714285688,NA,NA,5959.99990848626,331538.84406433,686.010607270175,301.030303030275,33415.6858277747,2964.88550030749,577733.293886383,211654.475008041,74.7801848197891,25.8851697806175,996.457163966377,446.136155271088,1.03517159120662,1.05780951340337,0.643966774398759,0.671248269409862,37.1089638955345,4.56534175450918,17.1390339610015,29.8661551175544,10.9415632590457,12.302557754016,37.1089638955345,4.56534175450918
2021-03-21,206388,2135,NA,205579.571428571,2131,NA,250,1.14285714285734,NA,NA,6351.76688621507,332232.784202232,693.940137901984,301.030303030333,33898.5546239249,3019.24677174754,578728.126052496,211998.836279481,72.5981754436319,25.1298669781326,994.832166113541,344.361271440081,1.0344593677927,1.0570017062815,0.642621710294674,0.669882670031073,36.0261622502233,4.1946255738161,17.1749074756842,29.9175833667198,10.9593651535499,11.6432910831744,36.0261622502233,4.1946255738161
